0.106383
0.0433002
0.114983
0.216292
0.453039
0.0950192
0.151797
0.216524
0.446619
0.309877
0.194737
0.244014
0.541667
0.769841
0.0248032
0.0278201
0.0322829
0.0288747
0.042503
0.0400593
0.0429952
0.0541922
0.0520231
0.060698
0.0839844
0.135503
0.0614144
0.205263
0.472141
0.0611354
0.0424397
0.0548246
0.0623506
0.0626993
0.065083
0.081304
0.109143
0.125076
0.120459
0.237785
0.54065
0.0845649
0.0372259
0.0496996
0.0461354
0.105846
0.0799701
0.0762411
0.102116
0.12947
0.141608
0.237037
0.447699
0.0678532
0.0661896
0.0837054
0.0984579
0.0986717
0.136259
0.19337
0.266667
0.6875
0.881773
0
