0.00241352
0.000606796
0
0.000912409
0.00217077
0.00098912
0.00077821
0
0.000729927
0.00088574
0
0
0.000956023
0
0
0
0
0.00107527
0
0
0
0.00102145
0
0
0
0
0.00465477
0.00167084
0.000937207
0
0.000896861
0.00148148
0.000983284
0.00095057
0
0.000997009
0
0
0
0.000847458
0
0.00121065
0
0
0.00104603
0.0010661
0.00101215
0.00111857
0.000749625
0
0.000948767
0
0
0.00328228
0
0
0.00164474
0
0
0
0.00220264
0
0.000949668
0
0
0
0
0.000880282
0.0020202
0
0
0.0010846
0.00213447
0
0
0
0
0
0.000952381
0
0
0
0
0.00110988
0.003125
0.00188501
0
0
0
0
0
0
0.00109769
0
0.00111732
0.00111359
0.00112867
0.0021645
0
0.000935454
0
0.000951475
0
0
0.00322234
0
0.00192493
0
0
0.00118765
0.00283688
0.00101729
0
0.00217628
0
0
0
0.00116414
0.0010352
0.00125156
0.000924214
0.00209644
0.00098912
0.000862069
0.000914913
0.00188324
0
0.00104603
0.00267738
0
0
0
0.00332226
0
0
0.00303644
0.0010582
0
0.00123762
0.00081367
0
0
0
0
0
0
0
0.0010101
0
0
0
0.00104822
0
0.000957854
0.00253485
0.0029383
0
0.000934579
0
0
0
0
0.00331492
0
0.00146199
0.00121507
0
0.00117925
0
0.00093985
0
0.0011274
0
0.00130039
0.00395257
0
0
0.00114416
0
0
0.00108932
0
0
0
0.00231214
0
0.0011976
0
0.00267738
0
0
0
0
0.00118064
0
0
0.00107875
0.00129032
0.0010989
0.0013947
0.00109649
0
0
0
0.00118203
0
0
0.00112867
0
0.00120337
0.00140449
0.00118483
0.00138889
0.00156006
0
0
0.0014556
0.0011325
0
0
0
0
0
0.00116144
0
0.00143885
0.00137741
0.00259067
0
0
0.00116279
0
0
0
0
0
0
0
0
0.0013947
0
0
0.00140845
0
0.00262812
0.00142857
0.0017316
0.00133869
0.000967118
0
0.00100908
0.00111235
0
0
0
0.00122549
0.00242718
0
0
0
0.00186916
0.0013986
0.00335946
0
0
0
0
0
0
0.00275482
0.0034965
0.00148148
0.00252525
0.00166667
0.00235018
0
0
0.001221
0.00129032
0.00621118
0
0.00124688
0.00117509
0
0.00160256
0.00120048
0.00140647
0.00138889
0
0.00128041
0
0.00150602
0.00272851
0
0.00144509
0.00129702
0
0.00142248
0.00124688
0
0
0
0.00178253
0
0.00285714
0.00323102
0.00166945
0
0
0
0.00340136
0
0
0
0
0
0
0
0
0.00152207
0.00328947
0.00162866
0.00171527
0.00510204
0
0
0.00130378
0.0034662
0.0015528
0
0.0013947
0
0
0.00156986
0.00166389
0.0015528
0
0
0.00158479
0
0
0
0
0.00291121
0.00137363
0.00506757
0
0
0.00313972
0
0
0.00131062
0.00291121
0
0
0
0.00181159
0
0.00327332
0.00200803
0
0
0
0.0017452
0
0
0.00177305
0.00150602
0.00167224
0
0
0
0
0.00486224
0.00163666
0.00192678
0.00157729
0
0
0.00187266
0
0.00210084
0
0
0.00321543
0.0016835
0.00526316
0.00146628
0
0
0.00749064
0.00381679
0.00173913
0.00196078
0
0.00140252
0.00247525
0
0
0.00478469
0
0.00363636
0
0.00134048
0.00276243
0
0
0
0.00186916
0
0.00389105
0.00222222
0.0016
0.00173611
0
0.00780031
0
0
0.00135135
0.00300752
0.00327869
0
0.00326797
0.00143472
0
0.00175439
0
0.0015625
0
0
0
0.00332779
0
0
0
0
0.00145773
0.0053286
0.0015625
0.0022831
0
0
0.00176056
0
0
0.0075643
0
0
0
0.00206612
0.00436681
0.00169779
0
0.00169492
0
0
0
0.00298063
0
0
0
0
0
0.00451467
0
0.00573614
0.0016
0.00319489
0.00211864
0.00217865
0.00220751
0
0
0.00171821
0
0.00188324
0.00182482
0.00206186
0.00196464
0
0.00207039
0.00253165
0.00180832
0.00268817
0.002
0.00176678
0
0
0
0.00214592
0
0.00187617
0
0.00226757
0.00350263
0.00215054
0
0.00207469
0
0.00900901
0
0
0.00193798
0
0
0
0
0.00193798
0
0
0
0.0026178
0.00251256
0.00238095
0
0.00277008
0
0.00271003
0.00727273
0
0.00268817
0
0
0
0
0
0.0025974
0
0
0
0
0
0.0027027
0.00460829
0
0.00285714
0
0.0026178
0
0
0
0
0
0
0
0.00257732
0
0.00253807
0
0.00371747
0
0
0
0
0
0.00419287
0
0.00557621
0
0.0034188
0.00204082
0
0.00430108
0.00207039
0
0.00219298
0
0
0.0020202
0
0.00615385
0
0
0.00236967
0
0.00210526
0.00234192
0
0
0
0.00224215
0
0
0.00268097
0.00865801
0.00249377
0.0020284
0
0
0.002331
0
0.00229358
0
0.0026738
0.00232019
0
0
0
0
0
0.00806452
0
0
0.00769231
0
0
0.00288184
0
0
0
0
0
0.00221239
0
0.00265252
0
0
0.00479616
0
0.00590551
0
0.00588235
0.00462963
0
0
0.00253165
0
0
0
0.00295858
0
0
0
0.00497512
0.00380228
0.00242718
0.00593472
0.00282486
0
0.00686499
0
0
0.00581395
0.00409836
0.00322581
0
0.00361011
0
0
0
0.00302115
0.00311526
0.00621118
0.00330033
0
0.005
0.00446429
0
0.0031348
0.00301205
0.00347222
0.004
0
0
0
0
0.00304878
0
0
0
0
0.00318471
0.00995025
0.00694444
0.005
0
0.00373134
0.003125
0
0.00473934
0.00833333
0.00684932
0.00469484
0.00689655
0
0
0.00359712
0.0097561
0
0
0
0.0108303
0
0.00403226
0
0.00492611
0
0.00469484
0.00462963
0
0.0026178
0
0
0
0
0
0
0.00293255
0.00230415
0.003003
0
0
0.00273973
0.0058997
0.00255102
0
0
0
0.00561798
0.0058997
0
0
0.00854701
0
0
0.00181818
0
0.00276243
0.00530504
0
0.00232019
0
0.00453515
0
0
0
0
0.00381679
0.00324675
0
0.00396825
0
0.00262467
0.0041841
0
0
0
0.00324675
0.00357143
0
0.00289017
0.00262467
0
0.003003
0.00940439
0.00325733
0
0.00884956
0.00420168
0
0.00655738
0
0
0
0.00446429
0.00377358
0.00344828
0.00682594
0.00606061
0
0.00515464
0.0111111
0.00389105
0
0.00641026
0
0.00425532
0
0
0.00255754
0
0.00561798
0.00854701
0.00373134
0
0
0
0
0.00581395
0.00429185
0
0
0.0031348
0.00357143
0
0
0
0
0.00331126
0
0
0.00531915
0.00649351
0.00438596
0
0
0.00510204
0.00346021
0.00584795
0.00641026
0
0.00757576
0
0
0.00454545
0
0.00462963
0.00574713
0
0
0
0.00858369
0
0
0.00337838
0
0.00581395
0
0
0
0.011583
0.00704225
0.00397614
0
0.0176471
0.005
0.0169492
0
0.00483092
0
0
0
0.00531915
0.00625
0.00763359
0
0.00581395
0
0.0108696
0
0.00980392
0
0
