0
0
0.00163399
0.00131926
0
0
0
0.00291971
0
0.00169492
0.00146413
0
0.00149701
0
0
0.00171527
0
0
0
0
0.00331675
0.00304414
0.004
0
0.0018797
0.00166667
0.0014771
0
0
0.00159744
0.00294985
0
0
0.00186567
0
0.00178891
0.00218341
0
0
0
0
0
0
0
0.00171527
0.00171527
0
0
0
0
0
0
0
0.00373134
0
0
0.00172414
0.00221729
0
0.00238663
0
0.00188324
0.00179533
0
0.00851064
0.0034965
0.00192308
0
0
0
0
0
0
0
0
0
0
0.00191571
0
0.00392927
0
0
0.0018315
0.00188679
0
0.00201207
0.00206186
0.00209205
0
0
0.00193424
0
0
0
0
0.00217865
0
0.00185185
0.00227273
0
0
0.00183824
0.00232558
0
0.00261097
0.00674157
0
0
0
0
0
0
0.0022831
0
0.0019084
0
0
0.00222222
0
0
0
0.00230415
0.00215983
0.00236967
0.00226244
0
0
0
0.00238663
0.00231481
0.00223714
0
0
0
0.00442478
0
0
0
0.00219298
0
0
0
0.00225225
0
0
0
0
0
0
0
0
0
0.00484262
0
0.00212314
0
0
0.00224719
0.00468384
0.002079
0
0.00231481
0
0
0
0.00304878
0
0.00243309
0.00289855
0
0
0
0
0
0
0.00567108
0
0
0
0
0
0.0027027
0
0.00180832
0
0.00211416
0
0.00225225
0
0
0
0
0
0
0.00243902
0
0
0.00448431
0.00265252
0
0.00255754
0.00236407
0
0
0
0
0
0
0
0
0
0
0
0
0.0027933
0
0
0
0.00289017
0
0
0.00257732
0
0
0
0
0
0
0.00229885
0.00721154
0
0.0027027
0.00492611
0
0
0.0025974
0.00419287
0.00242131
0
0.00495049
0
0
0
0
0
0
0
0.00248756
0
0
0
0
0
0
0.00235849
0
0.00552486
0.00306748
0.00231481
0.00226244
0
0
0.0028169
0.00306748
0
0
0.00287356
0
0.00265957
0.00291545
0.0058651
0.00276243
0.00250627
0.00290698
0.00297619
0.0037037
0
0
0.00319489
0
0
0.003003
0
0
0
0.00254453
0
0
0.00619195
0
0
0
0.00303951
0
0.0027248
0
0.00257732
0
0.002849
0
0
0
0
0
0.00403226
0.00879765
0.00420168
0
0
0.00307692
0.00319489
0
0
0
0
0
0
0
0
0
0
0.00357143
0
0.00309598
0
0
0
0.0030303
0
0
0
0.00359712
0
0.003663
0
0.00290698
0
0.00364964
0
0
0
0
0
0
0.0030581
0
0
0
0.0031348
0
0.00772201
0
0.00404858
0.00413223
0
0.00429185
0
0
0
0
0.00273224
0
0
0
0
0.00487805
0.00341297
0
0.00344828
0.00306748
0.00692042
0
0
0.00534759
0
0.0037594
0
0
0.00277008
0
0.00977199
0
0
0
0
0.00311526
0
0.00380228
0
0
0
0
0
0.0025974
0.00347222
0.00321543
0
0.00423729
0
0.00328947
0
0
0.00722022
0
0
0
0
0
0
0
0
0
0.00787402
0
0.00371747
0.00694444
0.003663
0
0
0
0
0.00664452
0
0
0
0
0
0
0.00393701
0
0
0
0
0
0
0
0.0041841
0.00492611
0
0
0
0.00881057
0
0
0
0
0
0
0
0
0
0
0
0
0
0.00507614
0
0
0.00487805
0.00411523
0
0.00546448
0
0.00877193
0.00483092
0
0.00595238
0
0
0
0
0
0
0.00502513
0
0.00448431
0
0
0.00497512
0
0
0.00458716
0.00471698
0
0.00440529
0
0.00913242
0
0
0
0
0
0
0
0
0
0
0
0.00425532
0
0
0
0.0052356
0
0.00434783
0
0
0
0.010101
0.0046729
0.00540541
0
0.00350877
0
0
0
0
0.00452489
0.00529101
0
0
0
0.00478469
0
0.00787402
0
0
0
0
0.00598802
0.0128755
0.0134228
0
0.00900901
0.00568182
0.0102564
0
0
0
0
0
0
0
0
0
0
0
0
0
0
0
0
0
0
0
0
0
0
0
0
0
0.00970874
0.00552486
0.00561798
0
0
0
0
0
0
0
0
0
0
0
0
0.00787402
0
0
0.0192308
0
0.00469484
0
0
0
0
0
0
0
0
0
0
0
0
0
0
0
0
0
0
0
0
0.00847458
0.00684932
0
0.011236
0
0
0.0126582
0.0163934
0.00398406
0
0
0
0
0
0.0120482
0
0
0
0.0137931
0
0
0
0
0
0
0
0.00454545
0.00689655
0
0
0.00319489
0.00699301
0.00598802
0
0
0
0
0.00966184
0
0
0
0
0.0103093
0
0
0.00480769
0
0
0.0155039
0.00518135
0.00546448
0.00628931
0.0103093
0
0.00943396
0
0
0.00471698
0.008
0
0
0.00947867
0.00769231
0.0135135
0
0.00581395
0
0.00549451
0.0130719
0
0
0.00819672
0
0.00564972
0
0
0
0
0
0
0
0
0
0.00961538
0
0
0
0.00729927
0
0
0
0.0119048
0
0
0
0
0
0
0.00561798
0.00833333
0
0
0
0
0
0
0
0
0
0
0
0.0102041
0
0
0.0196078
0.00884956
0
0
0
0
0.0322581
0
0
0.00826446
0
0
0
0
0
0
0.0246914
0
0
0
0.0263158
0
0
0
0
0
0
