0
0.000561798
0
0
0
0.00142653
0.0016
0.000933707
0
0
0.00167504
0
0.00179856
0.00147275
0.00230947
0.00157978
0.00220507
0.00301508
0
0
0
0.00172712
0.00296296
0.00100806
0.00192308
0
0
0.00103199
0.00159236
0
0
0
0.00164294
0
0
0.00220751
0.00235571
0.000840336
0.00126582
0
0
0.00106383
0.00143885
0
0
0
0.00221729
0
0
0.00153846
0
0
0.00131062
0
0.00104275
0
0
0
0.0021575
0
0.00295421
0.00228137
0.00214133
0.00138696
0
0.001001
0
0
0
0.0014881
0
0
0.00195695
0
0.00097371
0
0
0.00200401
0
0
0.00464037
0.00165563
0.00192308
0
0
0
0.00152905
0.00186104
0.00153846
0
0
0
0.00140056
0.00160772
0.00210084
0
0
0
0.00256739
0
0
0
0.00345224
0.000784314
0
0
0
0.00429185
0
0.00201511
0.00291121
0.00178253
0
0.00138504
0.00124688
0
0
0.00254777
0.0017762
0.00144718
0.00176678
0.0017762
0.00326442
0
0
0.00174825
0
0.00154799
0
0
0
0
0.00185185
0
0
0
0
0.00159744
0.00217865
0
0.00243309
0.00140713
0
0
0
0
0.00423729
0
0.00214592
0
0.00139082
0.00151745
0.00104822
0.00191205
0.00202429
0.00164474
0
0.00097371
0
0
0
0
0
0
0
0.00068918
0
0
0
0.00333333
0
0
0.00332889
0.00346021
0
0.00179211
0.00152207
0
0
0.00251256
0.00120482
0
0.00195695
0
0
0
0
0.00478469
0
0
0
0.00165289
0
0.0021978
0.00222717
0.00322061
0
0.00206612
0.00234192
0
0
0
0
0
0
0
0
0.00436681
0.00239234
0
0
0.00305344
0
0.00519481
0
0.00439883
0
0
0.00147275
0.00228833
0.00197628
0.00339559
0.00097561
0.00195695
0
0.00301659
0.0021322
0.00223714
0.00137741
0
0.00278552
0.00194553
0.00506329
0.00312175
0
0
0
0.00600601
0.00182815
0
0
0
0
0
0
0
0.00233372
0.00294985
0.00195312
0.00436681
0
0.00517241
0
0
0.00549451
0.00194175
0
0.00185874
0
0
0.00238095
0
0.00229358
0
0
0
0
0.00440529
0
0
0.004158
0
0.00182815
0
0.0035461
0
0
0.00192678
0
0.00222222
0.00266667
0.00461894
0.00520833
0.00395257
0
0
0
0
0
0
0.00142248
0.00141443
0.00357782
0
0
0
0.00103627
0.00215054
0
0
0.00357569
0
0
0
0
0
0
0
0.00156495
0.00557103
0.00449438
0
0
0
0.00286533
0
0.00342466
0.00252525
0
0
0
0.00289855
0.00569801
0
0.00330033
0.00190476
0
0.00442478
0.00574713
0
0.00325733
0
0
0.00480769
0.00337838
0.00280899
0.00367647
0
0
0.00284091
0
0
0
0
0
0
0.00771208
0.0035461
0.00283688
0.00127877
0.00484653
0
0
0.00538358
0
0.00265252
0
0.00119617
0.0127119
0
0
0.00647249
0.0026455
0.00584795
0.00992556
0
0
0
0.00290698
0.00393701
0
0
0
0.00331126
0
0
0
0
0
0.00947867
0.00291545
0
0.00451467
0
0
0
0.00422833
0
0
0
0.00299401
0
0
0.00292398
0.00372439
0
0
0
0.00353357
0.00213675
0.00252525
0.00765306
0
0
0
0.00420168
0.00298507
0
0.00306748
0
0
0.00315457
0.00413223
0
0
0
0
0
0.00328947
0
0.00606061
0
0
0
0.00591716
0
0
0
0.00269542
0
0
0
0
0.00340136
0.00170044
0
0
0
0.00465116
0
0
0.00393701
0
0
0.0037594
0
0
0.00348432
0
0
0.00404858
0.00416667
0.00233645
0
0
0
0
0
0
0.00449102
0.00666667
0
0
0
0.0060241
0
0.008
0.00440529
0
0
0
0.0037037
0.00473934
0
0.00694444
0
0.0101523
0
0.0127389
0.00526316
0
0
0
0.00558659
0
0
0
0.00819672
0
0.00332226
0.00343643
0
0
0
0
0.00315457
0.00609756
0
0.00714286
0.00588235
0
0.00326797
0.00806452
0
0
0.00413223
0
0.00442478
0
0
0
0.0026178
0
0
0
0.00552486
0.00726392
0
0
0.00384615
0.0046729
0
0.00549451
0
0.00469484
0.00411523
0.00230947
0
0.00647948
0
0
0
0
0
0
0.00613497
0
0.00543478
0.00495049
0
0.0070922
0
0.00334448
0
0
0
0.00574713
0.014652
0
0
0.00480769
0
0.0037594
0.00724638
0.00757576
0
0
0.00403226
0.00580271
0.0106383
0
0
0
0
0
0
0.00609756
0.00184162
0.0163934
0.011236
0
0
0.0344828
0.00561798
0.0186916
0.00653595
0
0.00531915
0
0.02
0
0.00505051
0.0307692
0
0
0
0
0.00434783
0.00520833
0
