0
0.00197628
0
0
0
0.0026738
0
0
0
0
0.00433839
0
0
0
0.0030303
0
0
0
0
0
0.00326797
0
0.00240964
0
0
0
0.00319489
0
0
0
0
0
0
0
0
0.00273973
0
0
0
0
0
0
0
0
0
0.0030581
0
0
0
0.00330033
0
0
0
0
0.003125
0
0
0
0
0
0
0
0.00519481
0.00274725
0.0026738
0
0
0
0.00255102
0
0
0
0
0.00283286
0.00318471
0
0
0.00327869
0.00303951
0
0
0
0
0
0
0
0.00321543
0
0
0
0
0
0
0
0
0
0.00727273
0
0.00330033
0
0
0
0
0
0
0
0.00295858
0
0
0
0
0
0
0
0
0
0
0
0
0.00262467
0
0.00357143
0
0.00384615
0
0
0
0
0
0
0.00295858
0
0.00353357
0
0.0035461
0
0
0.00655738
0
0.00364964
0
0
0
0
0
0
0
0
0
0
0
0
0
0
0
0
0
0
0
0.00314465
0
0.00328947
0.00315457
0
0.00401606
0
0
0
0
0
0
0
0.00888889
0
0
0
0.004
0
0.0156863
0
0
0
0.00320513
0
0
0
0
0
0
0
0
0
0
0.00414938
0
0
0
0
0.00381679
0
0
0
0
0
0.00369004
0.00413223
0
0.00420168
0
0
0.00355872
0.00766284
0
0
0
0
0
0
0
0
0
0
0
0
0
0
0
0
0.00362319
0
0
0
0.00440529
0
0
0
0
0
0
0
0
0
0
0
0.00454545
0.0097561
0
0.00414938
0
0
0
0
0
0.004329
0
0
0
0
0
0
0
0
0
0
0.00456621
0
0
0
0
0
0
0
0
0
0
0
0
0
0
0.00840336
0.00574713
0.00564972
0
0
0.00490196
0.00460829
0.00534759
0.00480769
0
0
0
0.0052356
0
0
0
0
0
0.0141509
0.00483092
0.0112994
0
0.00401606
0.00414938
0.00537634
0
0
0
0
0
0
0
0
0
0
0
0.00621118
0
0.00460829
0
0
0
0
0
0.00518135
0
0.00384615
0
0
0.004329
0.00518135
0.00492611
0
0
0.004
0
0
0
0
0
0
0
0
0
0
0
0.00510204
0
0
0.013245
0
0.00490196
0.00621118
0
0
0.0137931
0
0
0.00431034
0
0
0
0
0.00495049
0
0
0.00719424
0
0.00490196
0
0.00699301
0.00578035
0
0
0
0
0
0
0
0.00628931
0.0060241
0
0.0147059
0
0
0
0
0
0
0
0
0
0.00588235
0.00746269
0
0.00502513
0
0
0
0
0
0
0
0
0.00555556
0
0
0
0
0
0
0
0
0
0
0
0
0
0
0
0
0
0
0
0
0
0.010101
0
0
0.00558659
0
0
0
0
0
0
0.00480769
0.00515464
0
0
0
0.00591716
0
0.00684932
0
0
0
0
0.00546448
0
0.0103093
0.00877193
0.00719424
0
0
0.0070922
0
0.00591716
0
0
0
0
0
0.00578035
0
0
0.00826446
0
0
0.00826446
0.00684932
0
0
0
0.00694444
0
0
0
0.00833333
0
0
0
0.00625
0.00862069
0
0
0.008
0
0
0
0
0.00862069
0
0
0
0
0
0
0
0
0
0
0
0
0
0.0105263
0
0
0.0108696
0
0
0
0
0.00877193
0
0
0.017094
0
0
0
0
0.0194175
0
0.0116279
0
0.0125
0
0.0379747
0
0
0
0
0
0
0
0
0
0
0
0
0
0
0
0.0120482
0
0
0
0.0106383
0.00649351
0.00952381
0.00529101
0
0
0
0
0.00699301
0.0192308
0
0
0
0.018018
0
0
0
0
0
0
0
0
0
0.00892857
0
0
0
0
0
0
0.0113636
0
0
0.00909091
0
0
0.00970874
0.010101
0
0.0113636
0
0.0545455
0.0140845
0
0
0.012987
0.0229885
0
0.0121951
0
0
0.0185185
0
0.0142857
0
0
0.0125
0.0188679
0
0
0
0
0
0
0
0.0181818
0
0
0
0
0
0
0
0
0.0185185
0
0.0149254
0
0
0
0.020202
0
0
0
0.0185185
0
0
0
0
0
0
0
0.0078125
0.0181818
0
0
0.0344828
0.0222222
0
0
0
0.04
0
0
0
0
0
