0.984127
0.949153
0.967213
0.947368
0.952381
0.95
0.901639
0.890625
0.873016
0.953846
0.880597
0.9375
0.952381
0.933333
0.952381
0.924242
0.935484
0.939394
0.953125
0.875
0.878788
0.876923
0.903226
0.833333
0.938462
0.815385
0.939394
0.938462
0.852941
0.833333
0.712329
0.84058
0.826087
0.953846
0.726027
0.895522
0.850746
0.918033
0.893939
0.923077
0.861111
0.823529
0.893939
0.797101
0.811594
0.861538
0.861538
0.777778
0.863636
0.867647
0.865672
0.910448
0.923077
0.865672
0.878788
0.848485
0.850746
0.764706
0.782609
0.808824
0.797101
0.763889
0.863636
0.811594
0.880597
0.816901
0.924242
0.767123
0.760563
0.794521
0.72973
0.636364
0.671053
0.830986
0.573171
0.604938
0.870968
0.861538
0.892308
0.779412
0.649351
0.910448
0.884058
0.785714
0.838235
0.90625
0.967213
0.96875
0.823529
0.936508
0.967213
0.984127
0.952381
0.9375
0.835821
0.952381
0.967742
0.923077
0.954545
0.84375
0.909091
0.903226
0.728571
0.903226
0.893939
0.876923
0.969697
0.954545
0.969231
0.953846
0.925373
0.938462
0.921875
0.969231
0.819444
0.968254
0.897059
0.953846
0.96875
0.921875
0.808824
0.909091
0.969231
0.863636
0.84507
0.952381
0.903226
0.921875
0.951613
0.890625
0.820895
0.880597
0.953125
0.953125
0.968254
0.924242
0.814286
0.863636
0.955224
0.910448
0.878788
0.969231
0.96875
0.939394
0.969231
0.969231
0.936508
0.96875
0.852941
0.893939
0.848485
0.830986
0.954545
0.938462
0.823529
0.909091
0.890625
0.96875
0.938462
0.96875
0.925373
0.969231
0.967742
0.69863
0.903226
0.826087
0.852941
0.865672
0.969231
0.850746
0.953846
0.938462
0.953846
0.969231
0.882353
0.909091
0.828571
0.939394
0.969231
0.969231
0.96875
0.923077
0.967742
0.907692
0.895522
0.969231
0.969231
0.878788
0.936508
0.907692
0.969231
0.9375
0.893939
0.924242
0.816901
0.838235
0.96875
0.969231
0.893939
0.897059
0.923077
0.924242
0.9375
0.938462
0.968254
0.924242
0.708333
0.850746
0.953125
0.892308
0.953846
0.811594
0.878788
0.893939
0.939394
0.910448
0.969231
0.938462
0.923077
0.969231
0.938462
0.850746
0.909091
0.835821
0.826087
0.814286
0.969231
0.780822
0.969231
0.969231
0.909091
0.939394
0.969231
0.910448
0.924242
0.969231
0.869565
0.953846
0.794118
0.953125
0.893939
0.880597
0.938462
0.838235
0.923077
0.939394
0.969231
0.852941
0.838235
0.953846
0.882353
0.838235
0.811594
0.880597
0.855072
0.505882
0.706667
0.788732
0.910448
0.8
0.771429
0.910448
0.953846
0.828571
0.739726
0.939394
0.969231
0.882353
0.84058
0.939394
0.84058
0.895522
0.969231
0.910448
0.939394
0.855072
0.7125
0.867647
0.882353
0.857143
0.816901
0.692308
0.828571
0.712329
0.969231
0.939394
0.5875
0.910448
0.625
0.826667
0.895522
0.726027
0.882353
0.939394
0.763889
0.791667
0.736842
0.923077
0.953125
0.936508
0.865672
0.969231
0.9375
0.951613
0.9375
0.924242
0.880597
0.901639
0.951613
0.939394
0.969231
0.938462
0.76
0.969231
0.939394
0.924242
0.869565
0.85
0.814286
0.742857
0.939394
0.969231
0.969231
0.969231
0.938462
0.923077
0.936508
0.953846
0.923077
0.835821
0.895522
0.9375
0.953125
0.897059
0.893939
0.893939
0.833333
0.969231
0.953846
0.924242
0.953846
0.96875
0.969231
0.968254
0.969231
0.921875
0.863636
0.938462
0.924242
0.850746
0.96875
0.968254
0.96875
0.897059
0.909091
0.910448
0.909091
0.924242
0.938462
0.909091
0.953846
0.938462
0.952381
0.969231
0.969231
0.939394
0.969231
0.953125
0.924242
0.938462
0.939394
0.867647
0.939394
0.96875
0.969231
0.921875
0.924242
0.893939
0.9375
0.96875
0.954545
0.968254
0.951613
0.938462
0.923077
0.952381
0.925373
0.953846
0.893939
0.904762
0.892308
0.953125
0.969231
0.953846
0.880597
0.952381
0.969231
0.954545
0.90625
0.936508
0.923077
0.953846
0.938462
0.938462
0.924242
0.910448
0.936508
0.939394
0.955224
0.969231
0.953846
0.855072
0.96875
0.969231
0.96875
0.938462
0.895522
0.909091
0.838235
0.969231
0.953846
0.968254
0.953125
0.923077
0.924242
0.938462
0.919355
0.939394
0.907692
0.952381
0.878788
0.921875
0.952381
0.823529
0.907692
0.920635
0.880597
0.951613
0.909091
0.876923
0.863636
0.969231
0.892308
0.890625
0.880597
0.923077
0.936508
0.923077
0.96875
0.910448
0.953846
0.96875
0.867647
0.895522
0.923077
0.9375
0.951613
0.895522
0.84058
0.923077
0.921875
0.876923
0.90625
0.938462
0.939394
0.923077
0.953846
0.909091
0.969231
0.897059
0.880597
0.953846
0.865672
0.863636
0.895522
0.969231
0.953846
0.9375
0.938462
0.892308
0.909091
0.850746
0.939394
0.96875
0.852941
0.969231
0.910448
0.953846
0.969231
0.953846
0.939394
0.953846
0.939394
0.969231
0.969231
0.939394
0.939394
0.892308
0.969231
0.969231
0.969231
0.910448
0.969231
0.969231
0.939394
0.9375
0.882353
0.771429
0.938462
0.893939
0.907692
0.863636
0.969231
0.893939
0.969231
0.893939
0.857143
0.882353
0.969231
0.953846
0.953846
0.969231
0.921875
0.893939
0.953846
0.893939
0.969231
0.953846
0.910448
0.865672
0.880597
0.969231
0.910448
0.9375
0.897059
0.939394
0.850746
0.969231
0.969231
0.969231
0.895522
0.969231
0.939394
0.924242
0.939394
0.907692
0.969231
0.969231
0.921875
0.953125
0.96875
0.96875
0.859375
0.939394
0.892308
0.924242
0.953846
0.953125
0.838235
0.913043
0.969231
0.938462
0.938462
0.969231
0.969231
0.924242
0.909091
0.939394
0.969231
0.969231
0.953846
0.953125
0.9375
0.938462
0.969231
0.953846
0.938462
0.84058
0.939394
0.969231
0.9375
0.924242
0.938462
0.850746
0.938462
0.865672
0.923077
0.969231
0.96875
0.909091
0.910448
0.969231
0.953846
0.924242
0.923077
0.939394
0.9375
0.953846
0.953846
0.968254
0.96875
0.777778
0.969231
0.969231
0.939394
0.910448
0.939394
0.924242
0.939394
0.940298
0.910448
0.910448
0.867647
0.938462
0.969231
0.882353
0.939394
0.953846
0.924242
0.938462
0.921875
0.954545
0.952381
0.893939
0.895522
0.939394
0.867647
0.907692
0.924242
0.953125
0.953846
0.953846
0.969231
0.969231
0.875
0.924242
0.9375
0.938462
0.923077
0.865672
0.923077
0.96875
0.953846
0.969231
0.907692
0.938462
0.924242
0.923077
0.921875
0.936508
0.910448
0.938462
0.938462
0.8
0.910448
0.939394
0.953846
0.910448
0.939394
0.865672
0.909091
0.828571
0.895522
0.763889
0.867647
0.939394
0.893939
0.96875
0.939394
0.907692
0.968254
0.878788
0.939394
0.833333
0.923077
0.880597
0.8
0.953125
0.939394
0.880597
0.855072
0.84058
0.882353
0.924242
0.850746
0.826087
0.939394
0.895522
0.939394
0.924242
0.909091
0.895522
0.939394
0.969231
0.895522
0.939394
0.910448
0.895522
0.910448
0.953846
0.939394
0.969231
0.910448
0.924242
0.882353
0.8
0.953846
0.96875
0.939394
0.939394
0.909091
0.96875
0.96875
0.924242
0.938462
0.924242
0.953846
0.939394
0.909091
0.939394
0.938462
0.939394
0.909091
0.969231
0.910448
0.953846
0.953846
0.953846
0.953125
0.924242
0.895522
0.939394
0.938462
0.910448
0.882353
0.895522
0.739726
0.939394
0.969231
0.969231
0.865672
0.8
0.882353
0.882353
0.910448
0.969231
0.924242
0.924242
0.953846
0.953846
0.939394
0.895522
0.763889
0.939394
0.895522
0.895522
0.867647
0.969231
0.939394
0.9375
0.895522
0.897059
0.939394
0.953846
0.924242
0.910448
0.939394
0.867647
0.910448
0.882353
0.923077
0.96875
0.924242
0.939394
0.909091
0.867647
0.895522
0.880597
0.910448
0.939394
0.924242
0.865672
0.939394
0.895522
0.867647
0.84058
0.939394
0.910448
0.939394
0.953125
0.895522
0.743243
0.828571
0.924242
0.869565
0.923077
0.910448
0.969231
0.938462
0.939394
0.909091
0.871429
0.880597
0.939394
0.939394
0.925373
0.925373
0.924242
0.852941
0.739726
0.910448
0.939394
0.953846
0.882353
0.897059
0.939394
0.939394
0.867647
0.675676
0.924242
0.969231
0.938462
0.895522
0.910448
0.826087
0.939394
0.939394
0.909091
0.909091
0.939394
0.969231
0.743243
0.893939
0.838235
0.895522
0.882353
0.897059
0.855072
0.865672
0.867647
0.895522
0.882353
0.855072
0.895522
0.939394
0.855072
0.969231
0.869565
0.969231
0.910448
0.969231
0.777778
0.774648
0.880597
0.910448
0.688312
0.788732
0.791667
0.895522
0.828571
0.924242
0.852941
0.72973
0.910448
0.842857
0.777778
0.855072
0.802817
0.763889
0.828571
0.814286
0.855072
0.910448
0.939394
0.969231
0.910448
0.910448
0.969231
0.830986
0.74026
0.72973
0.910448
0.895522
0.852941
0.897059
0.802817
0.921875
0.852941
0.865672
0.924242
0.909091
0.953846
0.910448
0.939394
0.969231
0.925373
0.909091
0.952381
0.865672
0.848485
0.895522
0.909091
0.890625
0.84058
0.785714
0.838235
0.909091
0.9375
0.910448
0.895522
0.909091
0.895522
0.880597
0.938462
0.938462
0.893939
0.882353
0.880597
0.882353
0.882353
0.910448
0.882353
0.893939
0.920635
0.895522
0.923077
0.814286
0.924242
0.953846
0.893939
0.826087
0.938462
0.96875
0.924242
0.895522
0.938462
0.909091
0.909091
0.857143
0.96875
0.8
0.910448
0.852941
0.924242
0.895522
0.880597
0.880597
0.924242
0.969231
0.855072
0.938462
0.909091
0.924242
0.867647
0.939394
0.938462
0.969231
0.938462
0.924242
0.910448
0.924242
0.855072
0.953846
0.893939
0.939394
0.953846
0.910448
0.923077
0.882353
0.852941
0.909091
0.852941
0.969231
0.939394
0.90625
0.865672
0.893939
0.892308
0.878788
0.895522
0.893939
0.819444
0.90625
0.838235
0.892308
0.875
0.826087
0.897059
0.753425
0.863014
0.848485
0.8
0.846154
0.848485
0.80303
0.724638
0.75
0.581081
0.628205
0.685714
0.652174
0.84507
0.885714
0.909091
0.835821
0.861538
0.716216
0.802817
0.893939
0.833333
0.675
0.852941
0.72619
0.830986
0.769231
0.84
0.723684
0.725
0.679487
0.878378
0.863014
0.871429
0.719512
0.905405
0.847222
0.757143
0.73913
0.76
0.84058
0.808824
0.802817
0.878788
0.774648
0.771429
0.835821
0.878788
0.863636
0.921875
0.811594
0.907692
0.84058
0.8
0.9375
0.742857
0.77027
0.895522
0.830769
0.76
0.811594
0.8125
0.701299
0.909091
0.863636
0.797297
0.882353
0.721519
0.828571
0.791667
0.867647
0.671053
0.921875
0.882353
0.953125
0.867647
0.921875
0.850746
0.865672
0.833333
0.838235
0.907692
0.835821
0.835821
0.80597
0.852941
0.820895
0.722222
0.892308
0.838235
0.838235
0.878788
0.838235
0.882353
0.852941
0.833333
0.885714
0.909091
0.826087
0.767123
0.911765
0.791667
0.785714
0.869565
0.867647
0.790123
0.681319
0.825
0.634146
0.721519
0.820895
0.888889
0.828571
0.638554
0.721519
0.864865
0.75
0.831169
0.710526
0.818182
0.880597
0.80303
0.816901
0.787879
0.857143
0.710145
0.666667
0.852941
0.735294
0.736111
0.857143
0.855072
0.757143
0.8125
0.625
0.8
0.75
0.661972
0.859155
0.728571
0.830986
0.794118
0.895522
0.932432
0.690141
0.774648
0.728571
0.80597
0.852941
0.5125
0.797101
0.777778
0.80597
0.909091
0.865672
0.847222
0.789474
0.77027
0.777778
0.835821
0.888889
0.815789
0.671053
0.805556
0.820895
0.828571
0.830986
0.75
0.757143
0.880597
0.875
0.785714
0.722222
0.808824
0.823529
0.791045
0.742857
0.869565
0.838235
0.736111
0.820895
0.855072
0.706667
0.838235
0.739726
0.830769
0.782609
0.727273
0.875
0.61039
0.818182
0.863636
0.850746
0.797101
0.833333
0.785714
0.777778
0.77027
0.746479
0.794118
0.75
0.814286
0.887324
0.925373
0.855072
0.779412
0.736111
0.893939
0.653333
0.824324
0.710843
0.820895
0.826087
0.913043
0.859375
0.666667
0.75
0.855072
0.863636
0.774648
0.706667
0.714286
0.8125
0.757143
0.861111
0.855072
0.739726
0.895522
0.785714
0.794118
0.895522
0.662162
0.880597
0.779412
0.861538
0.880597
0.84058
0.835821
0.838235
0.885714
0.710526
0.723684
0.571429
0.791045
0.776119
0.848485
0.768116
0.826087
0.811594
0.833333
0.808824
0.892308
0.835821
0.714286
0.675676
0.779412
0.811594
0.835616
0.826087
0.838235
0.9
0.876923
0.743243
0.761194
0.753623
0.631579
0.955224
0.878788
0.811594
0.820895
0.768116
0.75
0.870968
0.850746
0.814286
0.8
0.794118
0.80303
0.865672
0.830986
0.820895
0.823529
0.694444
0.940298
0.788732
0.876923
0.855072
0.757576
0.842857
0.861538
0.75641
0.739726
0.823529
0.865672
0.863636
0.823529
0.728571
0.702703
0.882353
0.726027
0.859375
0.865672
0.794118
0.969231
0.924242
0.925373
0.923077
0.838235
0.895522
0.867647
0.835821
0.880597
0.788732
0.823529
0.753623
0.904762
0.923077
0.760563
0.739726
0.706667
0.648649
0.785714
0.865672
0.736111
0.823529
0.846154
0.702703
0.923077
0.648649
0.760563
0.850746
0.675325
0.833333
0.833333
0.785714
0.823529
0.878788
0.865672
0.746479
0.882353
0.885714
0.882353
0.835821
0.564103
0.823529
0.814286
0.953846
0.969231
0.626667
0.704225
0.75
0.909091
0.855072
0.852941
0.826087
0.805556
0.774648
0.797101
0.808824
0.760563
0.882353
0.820895
0.953846
0.794118
0.712329
0.880597
0.742857
0.797297
0.69863
0.846154
0.722222
0.84507
0.8
0.909091
0.909091
0.779412
0.8
0.811594
0.753623
0.736111
0.882353
0.842857
0.816901
0.871429
0.865672
0.724638
0.746479
0.835821
0.72973
0.742857
0.782609
0.724638
0.779412
0.774648
0.942029
0.714286
0.782609
0.768116
0.892308
0.820895
0.850746
0.797101
0.835821
0.73913
0.657895
0.767123
0.816901
0.835821
0.814286
0.80597
0.895522
0.705882
0.823529
0.855072
0.735294
0.728571
0.808824
0.84058
0.842857
0.753623
0.782609
0.72973
0.71831
0.578947
0.73913
0.833333
0.666667
0.630137
0.631579
0.71831
0.771429
0.833333
0.8
0.811594
0.728571
0.720588
0.8
0.648649
0.653333
0.72973
0.895522
0.910448
0.582278
0.774648
0.688312
0.71831
0.80597
0.647887
0.684932
0.710526
0.666667
0.782609
0.695652
0.791667
0.690141
0.648649
0.561644
0.811594
0.714286
0.756757
0.684211
0.704225
0.828571
0.705882
0.75
0.763889
0.621622
0.661765
0.626667
0.555556
0.635135
0.865672
0.969231
0.764706
0.615385
0.785714
0.61039
0.791667
0.626667
0.791045
0.621622
0.722222
0.732394
0.684932
0.782609
0.716216
0.771429
0.84058
0.580247
0.662338
0.62963
0.597403
0.835616
0.573171
0.505747
0.576923
0.68
0.5
0.458824
0.648649
0.52439
0.742857
0.636364
0.735294
0.597403
0.658228
0.880597
0.689189
0.75
0.8
0.867647
0.938462
0.693333
0.808824
0.9375
0.890625
0.925373
0.939394
0.855072
0.925373
0.820895
0.884058
0.69863
0.788732
0.8
0.924242
0.850746
0.876923
0.816901
0.893939
0.865672
0.880597
0.867647
0.953125
0.75
0.757143
0.763889
0.816901
0.898551
0.865672
0.867647
0.880597
0.953846
0.826087
0.756757
0.939394
0.84058
0.895522
0.712329
0.842857
0.895522
0.768116
0.794118
0.714286
0.846154
0.876923
0.895522
0.808824
0.953846
0.782609
0.785714
0.835821
0.939394
0.893939
0.880597
0.797101
0.777778
0.811594
0.8
0.924242
0.882353
0.802817
0.882353
0.867647
0.910448
0.924242
0.852941
0.882353
0.757143
0.808824
0.855072
0.953846
0.838235
0.882353
0.910448
0.75
0.771429
0.969231
0.84058
0.865672
0.852941
0.852941
0.953846
0.84058
0.924242
0.895522
0.893939
0.895522
0.953125
0.882353
0.910448
0.969231
0.90625
0.882353
0.96875
0.895522
0.939394
0.880597
0.895522
0.811594
0.8
0.788732
0.735294
0.811594
0.895522
0.909091
0.771429
0.846154
0.926471
0.760563
0.838235
0.907692
0.850746
0.785714
0.924242
0.939394
0.969231
0.939394
0.867647
0.953846
0.953846
0.939394
0.969231
0.939394
0.852941
0.867647
0.835821
0.753623
0.811594
0.878788
0.895522
0.969231
0.895522
0.925373
0.852941
0.728571
0.969231
0.910448
0.969231
0.939394
0.820895
0.739726
0.953846
0.852941
0.895522
0.838235
0.797101
0.833333
0.818182
0.892308
0.726027
0.828571
0.8
0.939394
0.746479
0.785714
0.757143
0.940298
0.702703
0.675676
0.811594
0.631579
0.861538
0.923077
0.938462
0.880597
0.893939
0.907692
0.909091
0.969231
0.938462
0.910448
0.878788
0.768116
0.941176
0.736111
0.609756
0.944444
0.830769
0.925373
0.873016
0.605263
0.647887
0.732394
0.835821
0.848485
0.727273
0.842857
0.808824
0.895522
0.742857
0.848485
0.764706
0.876923
0.787879
0.865672
0.742857
0.863636
0.73913
0.924242
0.791045
0.728571
0.757143
0.7
0.7
0.838235
0.828571
0.857143
0.873239
0.835821
0.742857
0.80597
0.797101
0.689189
0.850746
0.907692
0.838235
0.75
0.878788
0.808824
0.794118
0.791045
0.865672
0.614286
0.73913
0.823529
0.771429
0.613333
0.785714
0.863636
0.671429
0.907692
0.878788
0.885714
0.865672
0.823529
0.811594
0.75
0.757143
0.852941
0.708333
0.913043
0.728571
0.813333
0.621622
0.791045
0.722222
0.878788
0.925373
0.969231
0.939394
0.907692
0.823529
0.756757
0.694444
0.835821
0.835821
0.731343
0.818182
0.637681
0.76
0.835616
0.552632
0.764706
0.866667
0.74359
0.589744
0.752941
0.731343
0.732394
0.785714
0.73913
0.785714
0.826087
0.921875
0.777778
0.871429
0.794118
0.722222
0.594937
0.921875
0.939394
0.702703
0.565217
0.616438
0.626667
0.782609
0.712329
0.732394
0.417582
0.705882
0.666667
0.470588
