0.160853
0.107567
0.0481344
0.163511
0.132971
0.194338
0.0869205
0.122521
0.108451
0.0425898
0.113179
0.0726878
0.155112
0.111111
0.113705
0.376432
0.484362
0.0640047
0.225196
0.125086
0.066272
0.110583
0.0650811
0.147448
0.190083
0.135547
0.0796734
0.0885638
0.0560911
0.127192
0.0915295
0.320028
0.272106
0.175866
0.0692308
0.316239
0.139057
0.125518
0.148188
0.0495327
0.0737433
0.0851786
0.0424172
0.109314
0.0989788
0.109827
0.204824
0.0670315
0.0817458
0.325161
0.259862
0.370166
0.195884
0.443366
0.0993151
0.0950695
0.0453826
0.0934321
0.0500417
0.147194
0.0809061
0.187864
0.095269
0.225891
0.0821114
0.0909091
0.0913979
0.0977855
0.192252
0.107871
0.117705
0.0832536
0.625419
0.154026
0.137307
0.25431
0.229444
0.0964361
0.0544767
0.133014
0.212443
0.282096
0.301167
0.391846
0.0958386
0.397716
0.74631
0.176941
0.307746
0.302783
0.205228
0.514852
0.363636
0.235516
0.234675
0.15443
0.0941206
0.0792512
0.116688
0.419338
0.171041
0.0844063
0.335466
0.200846
0.0959752
0.104039
0.404425
0.151399
0.185806
0.288251
0.156489
0.167665
0.114124
0.105943
0.406949
0.150433
0.27526
0.0893231
0.348034
0.202433
0.0707071
0.157082
0.106288
0.0630872
0.182317
0.227834
0.110437
0.152349
0.124665
0.13253
0.446097
0.217852
0.22706
0.158215
0.0971193
0.112518
0.1005
0.256297
0.0954654
0.166124
0.40646
0.332611
0.15
0.0424403
0.122417
0.0591074
0.253186
0.200477
0.166186
0.214168
0.116402
0.119017
0.0569886
0.0421565
0.164017
0.137087
0.294078
0.233732
0.196156
0.206957
0.116667
0.033744
0.0933232
0.125845
0.213653
0.274301
0.139942
0.0582869
0.143363
0.0858268
0.302217
0.238326
0.0698182
0.165614
0.363497
0.511198
0.217914
0.148179
0.172684
0.195788
0.131049
0.37178
0.213628
0.2484
0.14636
0.163546
0.0901836
0.24313
0.137841
0.263771
0.418199
0.231039
0.174147
0.140744
0.196335
0.601425
0.230901
0.176224
0.421687
0.27704
0.105473
0.0863609
0.0461957
0.155455
0.169767
0.0533333
0.404317
0.275328
0.114014
0.182214
0.316203
0.0865604
0.278893
0.192886
0.128137
0.107285
0.227449
0.121999
0.120643
0.205371
0.151261
0.116517
0.207917
0.14869
0.0671488
0.235105
0.221363
0.399879
0.210451
0.0744559
0.251099
0.151527
0.0939948
0.436505
0.318872
0.177728
0.0848427
0.118312
0.136411
0.100437
0.18836
0.249246
0.394435
0.118158
0.195431
0.105954
0.167442
0.0396988
0.251785
0.178999
0.155447
0.101746
0.16478
0.0696429
0.0949367
0.372497
0.35167
0.212257
0.213227
0.0657895
0.354724
0.388211
0.295775
0.108187
0.258437
0.170146
0.0349091
0.0538173
0.288987
0.21891
0.377164
0.093161
0.114957
0.112364
0.107895
0.379939
0.107638
0.0559254
0.242616
0.107767
0.271938
0.178761
0.0887218
0.389486
0.136723
0.0965665
0.114286
0.0465116
0.330935
0.217331
0.0999213
0.046663
0.308494
0.167198
0.0958126
0.179216
0.343975
0.257057
0.107766
0.145234
0.0533981
0.0876747
0.249798
0.139101
0.439753
0.292812
0.233232
0.0690501
0.114169
0.132696
0.181646
0.165811
0.144937
0.142591
0.137993
0.0803415
0.135331
0.213406
0.153721
0.120235
0.0728555
0.265531
0.106796
0.110048
0.17954
0.128529
0.222222
0.116836
0.428472
0.300775
0.0742638
0.108883
0.176432
0.3093
0.725
0.207682
0.251788
0.0745856
0.0961579
0.0791815
0.180905
0.177966
0.216495
0.120638
0.276764
0.191345
0.0742327
0.127243
0.123673
0.192657
0.0783333
0.235294
0.125537
0.145889
0.0771265
0.139063
0.225425
0.0650814
0.12606
0.259193
0.143502
0.339862
0.0799087
0.154655
0.264
0.19012
0.130626
0.162535
0.189327
0.101057
0.0857143
0.143682
0.0938967
0.66005
0.0458392
0.170411
0.10289
0.438124
0.219548
0.0931818
0.107532
0.662842
0.101025
0.106439
0.114495
0.21504
0.121094
0.0788091
0.296642
0.184211
0.0493827
0.378319
0.0777027
0.136752
0.047048
0.275591
0.0744048
0.261753
0.102769
0.139225
0.345299
0.259122
0.0824373
0.614007
0.232
0.0363937
0.119688
0.44609
0.286861
0.148211
0.428198
0.172521
0.210938
0.126768
0.0591398
0.248284
0.118919
0.380507
0.313908
0.510101
0.120699
0.0740741
0.0387337
0.103973
0.129611
0.216927
0.20679
0.192396
0.0428705
0.120567
0.128449
0.16723
0.282027
0.127237
0.0864619
0.143963
0.121929
0.189306
0.430622
0.753731
0.11018
0.319167
0.147609
0.207534
0.0696179
0.0544681
0.243875
0.121622
0.330224
0.283867
0.22868
0.33764
0.340376
0.254245
0.105335
0.129911
0.327772
0.257193
0.0692737
0.450109
0.344507
0.710425
0.548828
0.198547
0.377581
0.0661538
0.276281
0.171206
0.382979
0.232143
0.291256
0.327574
0.0904977
0.141753
0.314815
0.157509
0.512953
0.28145
0.0535714
0.0819048
0.206739
0.387173
0.181163
0.445614
0.0978399
0.164678
0.132743
0.387425
0.267401
0.141176
0.148673
0.0968703
0.152988
0.22807
0.705234
0.292308
0.114583
0.573096
0.239538
0.438374
0.240423
0.249508
0.19804
0.0942579
0.708018
0.225313
0.0443199
0.0929684
0.135784
0.0949343
0.153527
0.0833333
0.0359833
0.276012
0.163223
0.238219
0.386059
0.34629
0.166667
0.136865
0.173454
0.113755
0.159794
0.259834
0.419183
0.120536
0.011041
0.185089
0.125
0.124224
0.0390428
0.157593
0.282005
0.319457
0.139865
0.297131
0.220149
0.168702
0.193863
0.0821256
0.261212
0.242483
0.174359
0.102814
0.296254
0.254545
0.277146
0.186341
0.138989
0.511142
0.238825
0.0982659
0.393728
0.242063
0.299795
0.287293
0.286998
0.108527
0.51105
0.607784
0.121925
0.120206
0.173705
0.38589
0.079932
0.39321
0.253879
0.218973
0.2574
0.0458438
0.134456
0.286876
0.111772
0.186075
0.144565
0.49415
0.142857
0.32041
0.120913
0.23071
0.218911
0.0629515
0.105957
0.061665
0.252416
0.121507
0.345126
0.205757
0.0697674
0.0789817
0.67514
0.204988
0.172903
0.37971
0.179372
0.433194
0.396311
0.0662983
0.0962241
0.064121
0.176056
0.224104
0.777202
0.293194
0.139785
0.0712347
0.0550588
0.0794078
0.0246258
0.127159
0.312937
0.0599662
0.0372222
0.241656
0.654028
0.105991
0.341463
0.139489
0.0726744
0.157654
0.0893958
0.141782
0.18984
0.198012
0.269041
0.145503
0.0562827
0.0728863
0.300773
0.18911
0.0940466
0.0863713
0.0732912
0.0348189
0.0560472
0.133548
0.101342
0.0952607
0.0851852
0.473878
0.100629
0.208333
0.288575
0.29816
0.141606
0.395973
0.203756
0.186693
0.102757
0.228151
0.216038
0.0876882
0.29011
0.0359004
0.126689
0.390508
0.315663
0.174713
0.273948
0.216934
0.0844553
0.395349
0.181712
0.174359
0.086165
0.550761
0.211051
0.0922931
0.0896057
0.105263
0.910326
0.5363
0.228283
0.319204
0.215753
0.077829
0.363114
0.312535
0.114322
0.449659
0.168385
0.290092
0.0892116
0.301734
0.151515
0.0718665
0.295556
0.216393
0.228886
0.222816
0.265101
0.263321
0.124343
0.109286
0.13271
0.25
0.0840266
0.104406
0.264415
0.195099
0.133252
0.386646
0.181946
0.333464
0.277273
0.0609463
0.148707
0.0894454
0.11157
0.228896
0.0636833
0.0894226
0.0862069
0.241326
0.0892388
0.089701
0.105501
0.0720222
0.161134
0.127968
0.31338
0.369458
0.0566327
0.0752294
0.284348
0.612946
0.310881
0.25641
0.0859189
0.0708024
0.20318
0.0508475
0.0455399
0.0824108
0.0840659
0.574481
0.109779
0.144737
0.281951
0.163241
0.108865
0.0902669
0.121434
0.201195
0.232057
0.314762
0.213178
0.0632911
0.216521
0.156348
0.245525
0.186122
0.303079
0.355556
0.266254
0.116308
0.206301
0.255696
0.291589
0.35329
0.0815822
0.192825
0.197168
0.153951
0.322162
0.175987
0.100061
0.111753
0.244342
0.0807775
0.351767
0.30512
0.18662
0.157593
0.340845
0.117534
0.471154
0.309859
0.311351
0.197576
0.261621
0.201347
0.216279
0.234127
0.441341
0.216495
0.279202
0.249465
0.301331
0.134884
0.491215
0.241604
0.598291
0.438799
0.0748075
0.114
0.223658
0.0694761
0.0773067
0.143559
0.19187
0.199612
0.263205
0.494261
0.119968
0.24915
0.184725
0.207044
0.304106
0.271382
0.178516
0.107186
0.148188
0.387705
0.123262
0.270353
0.138093
0.100967
0.255588
0.123558
0.23839
0.0758621
0.542614
0.306944
0.209664
0.157957
0.180438
0.34811
0.110997
0.210291
0.0794798
0.0820385
0.111111
0.617549
0.138955
0.106433
0.0492866
0.10718
0.122222
0.335277
0.506748
0.235135
0.505529
0.259259
0.145897
0.77521
0.337061
0.310656
0.357349
0.175
0.288926
0.617934
0.570975
0.172973
0.400435
0.376486
0.231023
0.109692
0.230542
0.175364
0.134897
0.135083
0.144822
0.0706019
0.0724852
0.222222
0.36
0.207874
0.35503
0.104938
0.0796117
0.0663082
0.272595
0.0347418
0.165574
0.422908
0.325802
0.211098
0.135135
0.293355
0.466667
0.207627
0.389804
0.439535
0.129964
0.219138
0.349427
0.0757021
0.129446
0.181953
0.186616
0.343716
0.253128
0.381121
0.340257
0.0685663
0.308504
0.182266
0.255362
0.179039
0.0541516
0.0275862
0.15234
0.451042
0.125
0.0342466
0.277778
0.137495
0.0684729
0.125
0.192308
0.468728
0.205663
0.403226
0.138699
0.0591039
0.401535
0.570207
0.219601
0.781719
0.141663
0.426854
0.0991254
0.0765766
0.167033
0.322702
0.141791
0.198039
0.289813
0.606
0.310452
0.172943
0.0730479
0.532443
0.532443
0.308415
0.071076
0.157216
0.0490566
0.225303
0.522464
0.253602
0.288305
0.160443
0.393484
0.267347
0.207463
0.190736
0.288462
0.497868
0.101449
0.160035
0.0883191
0.217822
0.468435
0.192819
0.220077
0.291902
0.248923
0.228211
0.143312
0.47529
0.126582
0.321839
0.290323
0.262911
0.171004
0.213163
0.360998
0.149275
0.243009
0.495027
0.167095
0.254333
0.332781
0.20132
0.164666
0.126482
0.392689
0.314453
0.0834915
0.40552
0.260015
0.123506
0.582909
0.245327
0.264822
0.268557
0.071048
0.472393
0.394477
0.295647
0.0830325
0.326027
0.648855
0.190476
0.176617
0.163399
0.0962567
0.23212
0.0635538
0.333333
0.3702
0.160507
0.264398
0.390977
0.28195
0.248736
0.324903
0.307882
0.0833333
0.180464
0.0648259
0.122353
0.11368
0.260194
0.660377
0.25
0.325815
0.173168
0.121359
0.13705
0.316901
0.601608
0.2713
0.218069
0.208092
0.41927
0.33358
0.25104
0.331151
0.222082
0.192727
0.206349
0.282286
0.422932
0.0991254
0.240048
0.109319
0.144186
0.260394
0.0323501
0.0519931
0.194978
0.290862
0.2375
0.261185
0.193122
0.283835
0.29914
0.584024
0.244024
0.216495
0.182286
0.147561
0.400651
0.0513528
0.0466606
0.21616
0.162116
0.446043
0.150826
0.142327
0.0883368
0.284153
0.0876777
0.130584
0.195506
0.297381
0.273056
0.130258
0.52924
0.259871
0.195991
0.276252
0.0530504
0.126289
0.199109
0.142857
0.258786
0.267327
0.176842
0.307733
0.382787
0.421179
0.349477
0.158523
0.448549
0.330472
0.398148
0.104907
0.431762
0.304064
0.298618
0.172925
0.221525
0.117041
0.292535
0.194508
0.513308
0.0944681
0.555556
0.161154
0.290731
0.480747
0.13
0.400585
0.108144
0.171267
0.153348
0.193669
0.0585405
0.0887029
0.250436
0.147475
0.0739796
0.0979827
0.336752
0.264354
0.33778
0.252624
0.260153
0.407498
0.183263
0.0480461
0.0496368
0.2686
0.177898
0.308743
0.430221
0.144154
0.277778
0.341829
0.242345
0.242938
0.0638298
0.581907
0.424107
0.5625
0.198529
0.580081
0.564168
0.226582
0.0864094
0.190519
0.450608
0.26419
0.211055
0.23125
0.139474
0.212614
0.177686
0.0847107
0.482587
0.223738
0.118828
0.154215
0.200617
0.275591
0.195745
0.141328
0.0868227
0.402617
0.283912
0.0893855
0.248984
0.038835
0.216867
0.237903
0.132353
0.385017
0.287808
0.169935
0.289436
0.0930537
0.0716912
0.124558
0.310696
0.503093
0.183784
0.275296
0.266167
0.420904
0.23624
0.437108
0.262928
0.154192
0.170838
0.117197
0.394343
0.205479
0.186813
0.0590406
0
0
0
0
0
0
0.037037
0
0
0
0
0
0.06875
0
0
0
0
0
0
0
0
0
0
0.0251572
0.0469484
0
0
0
0
0
0
0
0
0
0
0
0
0
0
0
0.0156863
0
0
0
0
0
0
0
0
0
0
0.138889
0
0
0
0.0821918
0
0
0
0
0
0
0
0.0111111
0
0
0
0
0
0
0
0
0
0
0
0
0
0
