0
0
0
0
0.0125041
0.0204082
0.0208605
0.0227697
0.0239006
0.0256593
0.0261307
0.0281052
0.0293103
0.029517
0.0300231
0.0300314
0.0317821
0.0342357
0.034834
0.0356125
0.0356179
0.0359788
0.0365535
0.0376688
0.0377907
0.038961
0.0395683
0.0403924
0.0410526
0.0416866
0.0418216
0.0423177
0.0432544
0.043366
0.0435169
0.0442646
0.0442865
0.0450122
0.0450523
0.0452017
0.0455276
0.0462131
0.0463734
0.0465571
0.0473684
0.0474006
0.0475059
0.047619
0.0481541
0.0482353
0.0486772
0.0488189
0.0491329
0.0493381
0.0497561
0.0503401
0.0506799
0.0508074
0.0516173
0.0518934
0.0522876
0.0524434
0.0527859
0.0529801
0.053068
0.0531579
0.0535714
0.0535714
0.0535815
0.0535932
0.0539957
0.0541958
0.0544465
0.0547945
0.054878
0.055144
0.0553333
0.0554785
0.0555024
0.0558659
0.0562712
0.0563218
0.056338
0.056338
0.0564103
0.0565832
0.0566974
0.0567711
0.0571429
0.0573566
0.0574506
0.0575022
0.0576208
0.0577396
0.0583039
0.058642
0.0587798
0.0588235
0.0598592
0.0600462
0.060241
0.0602871
0.0604317
0.0605795
0.0608696
0.0612245
0.0614261
0.0616279
0.0616438
0.0616622
0.0620968
0.0625
0.0626487
0.0628334
0.0629265
0.0636161
0.0642303
0.0646766
0.0649087
0.065123
0.0651381
0.0651786
0.0652856
0.0655556
0.0658186
0.0658824
0.0660728
0.0661157
0.0662374
0.0663189
0.0670679
0.067086
0.0671822
0.0672308
0.0672372
0.0672596
0.0678685
0.0679117
0.0682594
0.0683829
0.0684763
0.0687919
0.0689655
0.0689655
0.0694981
0.0696517
0.0698152
0.0699153
0.0701914
0.0702765
0.0705882
0.0706033
0.0706837
0.0713407
0.0714949
0.0716743
0.0719424
0.0722394
0.0724947
0.0725244
0.0726496
0.0726601
0.0728083
0.0728771
0.0731707
0.0733333
0.0733496
0.0735524
0.0736074
0.0737327
0.0739405
0.0739496
0.0740103
0.0742764
0.0745614
0.0748422
0.0748519
0.074883
0.075232
0.0752831
0.0753793
0.0757238
0.0757801
0.075817
0.07585
0.0763174
0.0764588
0.0766847
0.0767469
0.0772128
0.0772358
0.0772386
0.0774386
0.0776119
0.0779221
0.077961
0.0786268
0.0786816
0.0791583
0.0795455
0.0795781
0.079662
0.0798226
0.0798771
0.0799373
0.0801144
0.0802139
0.0802316
0.0802377
0.0804878
0.0807151
0.0807947
0.0808081
0.0808989
0.0809289
0.0819001
0.0820513
0.0821221
0.0822006
0.0823606
0.0831099
0.0834971
0.0836735
0.0838926
0.084507
0.0845411
0.0847458
0.0848018
0.0848329
0.0850067
0.085048
0.0851064
0.0851735
0.085249
0.08532
0.0853432
0.085353
0.0855457
0.0855746
0.0856134
0.0857143
0.0858131
0.0858835
0.0862231
0.0862511
0.086629
0.0869565
0.0869565
0.0869565
0.0871249
0.0873786
0.0884146
0.0884194
0.0884872
0.0885609
0.0885906
0.0887185
0.0888208
0.0889262
0.0890208
0.0891608
0.0891784
0.0892019
0.0892995
0.089404
0.0894251
0.089939
0.0902778
0.0903226
0.0903614
0.0909091
0.0910426
0.0912839
0.0912863
0.0913043
0.0913242
0.0914543
0.0916335
0.0918114
0.0918114
0.0918919
0.0920139
0.0924596
0.092803
0.0929648
0.0934579
0.0934744
0.0935412
0.0936709
0.09375
0.0938967
0.0941176
0.0943396
0.0947192
0.0947368
0.0947522
0.0947867
0.0949896
0.0952381
0.0952381
0.0953846
0.0956938
0.0960265
0.0960854
0.0961969
0.0962773
0.0965665
0.0965837
0.09699
0.0970149
0.0970149
0.0972222
0.0973451
0.0974026
0.0974026
0.097561
0.0976744
0.0978261
0.0979592
0.0981524
0.0984849
0.0986094
0.0986547
0.0986763
0.0986938
0.0987461
0.0987654
0.0988064
0.0988372
0.099026
0.0991736
0.0995025
0.0996564
0.0998553
0.1
0.1
0.1
0.1
0.1
0.100334
0.100756
0.10084
0.100858
0.101493
0.10174
0.101752
0.10177
0.101983
0.102041
0.102109
0.102167
0.10229
0.102669
0.102804
0.103041
0.103371
0.10338
0.103509
0.103591
0.103896
0.103896
0.104089
0.104251
0.104478
0.104583
0.104641
0.104839
0.104903
0.104972
0.105263
0.105519
0.10566
0.10596
0.106157
0.106227
0.106367
0.106383
0.106618
0.106742
0.10687
0.107221
0.108108
0.109074
0.109104
0.109244
0.109567
0.110329
0.111111
0.111283
0.111386
0.111575
0.111765
0.111864
0.111888
0.11194
0.111987
0.112137
0.11215
0.11215
0.112266
0.112299
0.112332
0.112532
0.112676
0.113095
0.113281
0.113636
0.113636
0.113852
0.114035
0.114224
0.114583
0.114671
0.114878
0.115108
0.115139
0.115385
0.115385
0.115533
0.1158
0.115813
0.116049
0.116105
0.116667
0.116725
0.116959
0.117002
0.117216
0.117347
0.117647
0.117647
0.117734
0.11828
0.118582
0.119485
0.119497
0.119585
0.12
0.120482
0.12069
0.120728
0.120996
0.121212
0.121585
0.121622
0.121771
0.121951
0.121951
0.121951
0.122034
0.122563
0.122754
0.122854
0.122905
0.123047
0.123077
0.123089
0.123439
0.123457
0.123552
0.123932
0.123967
0.124161
0.124451
0.124481
0.124629
0.124668
0.124668
0.124682
0.1247
0.124808
0.125
0.125
0.125
0.125
0.125
0.125096
0.125984
0.126192
0.126263
0.126316
0.126506
0.126566
0.126712
0.126829
0.127545
0.127745
0.127846
0.127854
0.128205
0.128469
0.128686
0.129278
0.129435
0.129464
0.129664
0.129794
0.129985
0.130137
0.130268
0.130435
0.130435
0.130682
0.130841
0.131034
0.131068
0.131313
0.131429
0.131579
0.131579
0.13245
0.132743
0.132791
0.132867
0.132931
0.133333
0.133333
0.133333
0.133929
0.134146
0.134146
0.134503
0.134731
0.13494
0.135135
0.135135
0.135135
0.135238
0.135593
0.135802
0.135843
0.135922
0.136364
0.136709
0.136856
0.136905
0.137255
0.137546
0.137566
0.137615
0.137795
0.138241
0.138614
0.138756
0.138889
0.1391
0.13913
0.139175
0.139241
0.139869
0.139918
0.140625
0.140777
0.141026
0.141236
0.141304
0.141844
0.142395
0.142857
0.142857
0.142857
0.142857
0.142857
0.142857
0.142857
0.142857
0.143182
0.143258
0.143546
0.143799
0.144172
0.144487
0.14486
0.144928
0.145516
0.145695
0.145833
0.146382
0.146409
0.146597
0.146875
0.147059
0.147059
0.147186
0.147368
0.147651
0.148045
0.148148
0.148284
0.148289
0.14881
0.148936
0.149425
0.149826
0.15
0.15
0.150235
0.150442
0.150602
0.151163
0.151163
0.151604
0.151639
0.151724
0.151751
0.152091
0.152174
0.152174
0.152416
0.152542
0.152542
0.153153
0.153488
0.153846
0.154054
0.154506
0.154582
0.154667
0.154676
0.155172
0.15534
0.15566
0.155738
0.155993
0.156069
0.156442
0.156682
0.156716
0.156863
0.157143
0.157303
0.158654
0.16
0.160305
0.16055
0.160714
0.162162
0.163209
0.163636
0.164062
0.164062
0.164179
0.165354
0.165605
0.166667
0.166667
0.166667
0.166667
0.166667
0.167598
0.167883
0.167883
0.169399
0.170068
0.170543
0.170732
0.171053
0.171053
0.171233
0.171429
0.172414
0.173127
0.174026
0.174274
0.174603
0.175
0.175573
0.176245
0.176471
0.176871
0.177515
0.177778
0.178082
0.178082
0.178344
0.178543
0.178947
0.179775
0.180328
0.180428
0.182609
0.182796
0.183099
0.183333
0.183333
0.183673
0.184211
0.184397
0.184524
0.186253
0.1875
0.1875
0.188235
0.188679
0.188679
0.189189
0.189655
0.190476
0.191489
0.192982
0.194444
0.195122
0.195122
0.195652
0.196078
0.196262
0.196532
0.196532
0.196581
0.197133
0.197917
0.197987
0.2
0.2
0.2
0.2
0.2
0.2
0.2
0.2
0.2
0.201493
0.201493
0.205128
0.205128
0.205128
0.206311
0.206612
0.207792
0.20979
0.210526
0.211454
0.214545
0.214765
0.215247
0.215278
0.216216
0.217391
0.217391
0.217391
0.217647
0.21875
0.21875
0.220126
0.220339
0.222222
0.222222
0.222222
0.222222
0.222222
0.224719
0.224932
0.227513
0.22905
0.229508
0.230769
0.230769
0.232038
0.233333
0.235294
0.235294
0.235294
0.236364
0.236842
0.238095
0.238095
0.238095
0.23913
0.239437
0.24
0.24
0.241379
0.245968
0.246377
0.25
0.25
0.25
0.25
0.25
0.25
0.25
0.25
0.254902
0.255814
0.26087
0.263158
0.263158
0.263158
0.264706
0.266667
0.266667
0.267241
0.268293
0.272727
0.272727
0.275862
0.278261
0.28125
0.285714
0.285714
0.285714
0.285714
0.291667
0.295455
0.296296
0.3
0.301887
0.30303
0.307692
0.325581
0.326923
0.328767
0.333333
0.333333
0.333333
0.333333
0.333333
0.357143
0.357143
0.357143
0.357143
0.358974
0.363636
0.363636
0.37037
0.371429
0.375
0.395349
0.4
0.4
0.411765
0.416667
0.423077
0.428571
0.454545
0.466667
0.5
0.5
0.5
0.5
0.5
0.5
0.5
0.533333
0.6
0.6
0.6
0.615385
0.666667
0.666667
0.666667
0.666667
0.666667
