0
0
0
0.0377358
0.0468948
0.0477273
0.0501672
0.0504587
0.0522307
0.0542636
0.0550847
0.058952
0.0594937
0.0628931
0.0645604
0.0664112
0.0664653
0.0672601
0.0673077
0.0675477
0.0682731
0.0703812
0.0707396
0.0711297
0.0714286
0.0730594
0.0736842
0.0738255
0.0745814
0.0745968
0.0749414
0.0762852
0.0768025
0.0773406
0.0775194
0.0790816
0.0793651
0.0797267
0.0797546
0.0799397
0.0802846
0.0814607
0.0814815
0.0815739
0.0817942
0.0824561
0.0827068
0.0827423
0.082777
0.083045
0.0837629
0.0837989
0.0837989
0.0845528
0.0848214
0.0848749
0.0860927
0.0863787
0.0865633
0.0869565
0.0881801
0.0882353
0.0883234
0.0888889
0.0890688
0.0891514
0.0893142
0.0893142
0.091104
0.0912548
0.0916767
0.0920746
0.0921273
0.0929577
0.0932091
0.0935754
0.0938124
0.0939024
0.0941915
0.0942529
0.0946746
0.0952381
0.0953947
0.0954064
0.0960452
0.0963855
0.0965517
0.097561
0.0978793
0.0982143
0.0988142
0.0990099
0.0993377
0.0996169
0.0997067
0.1
0.100363
0.100719
0.10101
0.101248
0.101818
0.101871
0.102236
0.102273
0.102423
0.102564
0.102644
0.102941
0.103718
0.103825
0.103873
0.10396
0.104132
0.104478
0.104539
0.104615
0.104743
0.104869
0.104956
0.104972
0.105263
0.105426
0.105634
0.105721
0.106061
0.106061
0.106267
0.106383
0.106383
0.106796
0.106952
0.107011
0.108065
0.108173
0.108254
0.108753
0.108824
0.108939
0.108939
0.109123
0.109137
0.109211
0.109312
0.109705
0.110383
0.11039
0.110444
0.110656
0.110811
0.111111
0.111111
0.111111
0.111293
0.111441
0.111712
0.111789
0.111989
0.112121
0.11245
0.1125
0.11252
0.112738
0.11276
0.112798
0.112957
0.112994
0.113347
0.113402
0.113497
0.113677
0.113793
0.113889
0.114519
0.114826
0.114894
0.115163
0.115183
0.115207
0.115385
0.115385
0.115789
0.115819
0.116279
0.116279
0.116505
0.116531
0.116631
0.116725
0.116883
0.117391
0.117647
0.117778
0.118182
0.118534
0.118602
0.118644
0.118774
0.119565
0.120155
0.12037
0.120393
0.120623
0.120879
0.12116
0.121212
0.121387
0.12141
0.121739
0.122257
0.122407
0.122807
0.122837
0.123214
0.123474
0.123515
0.123636
0.123839
0.123909
0.123944
0.124138
0.124339
0.124731
0.124756
0.125
0.125
0.125
0.125163
0.125483
0.125523
0.125948
0.126437
0.126506
0.127072
0.127273
0.127273
0.127451
0.127451
0.127466
0.127604
0.12766
0.127764
0.127835
0.127907
0.128
0.128205
0.128205
0.128425
0.128571
0.128866
0.128947
0.129213
0.12931
0.129353
0.129371
0.12963
0.129707
0.129944
0.130112
0.130252
0.130435
0.130548
0.130952
0.131373
0.131707
0.131737
0.131769
0.13189
0.13198
0.132212
0.132308
0.132743
0.132931
0.133333
0.133449
0.133523
0.133641
0.133995
0.134409
0.134694
0.134783
0.134904
0.134935
0.134969
0.135135
0.135135
0.13555
0.135593
0.135647
0.135922
0.136179
0.136259
0.136957
0.1375
0.137615
0.137662
0.137931
0.138
0.138258
0.138264
0.138462
0.138462
0.138554
0.138743
0.13894
0.138965
0.139175
0.139303
0.139683
0.139731
0.139738
0.140541
0.140704
0.140909
0.141026
0.141026
0.141892
0.142096
0.142119
0.142361
0.142857
0.142857
0.142857
0.143162
0.143498
0.143791
0.143847
0.143885
0.143911
0.144
0.144654
0.144828
0.144841
0.145078
0.145221
0.145315
0.145455
0.145695
0.146245
0.146982
0.147157
0.148148
0.148148
0.148338
0.148368
0.148472
0.148649
0.148889
0.14914
0.149533
0.149758
0.150183
0.150685
0.15074
0.151163
0.151292
0.151751
0.152174
0.152284
0.152778
0.152893
0.153169
0.153199
0.153374
0.153439
0.153477
0.153509
0.153846
0.154185
0.154394
0.154545
0.154717
0.154778
0.15493
0.155022
0.155172
0.155405
0.15544
0.15544
0.155963
0.156463
0.1566
0.156863
0.156863
0.157088
0.157258
0.157303
0.157343
0.157692
0.157895
0.158065
0.158301
0.15859
0.158774
0.158774
0.158915
0.158974
0.159483
0.159836
0.16
0.16
0.16
0.160377
0.160494
0.16129
0.162011
0.16208
0.162752
0.162963
0.163121
0.163265
0.163415
0.163636
0.163636
0.163732
0.163823
0.163842
0.164032
0.164134
0.164835
0.165217
0.165354
0.165548
0.165975
0.166667
0.166667
0.166667
0.166667
0.166667
0.166667
0.166667
0.166667
0.167568
0.168067
0.168421
0.168421
0.168605
0.168675
0.168831
0.169355
0.169421
0.169611
0.169872
0.17004
0.170732
0.17094
0.170984
0.170984
0.171247
0.171533
0.17161
0.171642
0.171674
0.171908
0.172078
0.172414
0.172535
0.172662
0.172749
0.17316
0.173432
0.173709
0.173913
0.173913
0.174359
0.174447
0.175214
0.175373
0.175439
0.175573
0.175701
0.175953
0.176125
0.176471
0.176724
0.176849
0.177273
0.177273
0.177419
0.17847
0.178571
0.179487
0.179688
0.179775
0.180064
0.180328
0.180747
0.180952
0.181818
0.181818
0.182045
0.182292
0.182648
0.183575
0.183616
0.183673
0.183946
0.18425
0.184615
0.185393
0.185714
0.185792
0.186047
0.186047
0.186275
0.186441
0.186701
0.18705
0.187166
0.1875
0.1875
0.1875
0.187831
0.188119
0.188755
0.188811
0.188889
0.188976
0.189024
0.189333
0.189655
0.189873
0.190476
0.190476
0.191083
0.191176
0.191336
0.191489
0.19209
0.193798
0.194175
0.194444
0.194872
0.195046
0.195082
0.195266
0.195349
0.195599
0.196721
0.197297
0.197719
0.198413
0.198413
0.198675
0.2
0.2
0.2
0.2
0.2
0.2
0.202381
0.203226
0.203463
0.203704
0.204225
0.204545
0.204604
0.204762
0.205607
0.205882
0.206478
0.207317
0.207921
0.208333
0.208333
0.20904
0.209091
0.209524
0.209677
0.209877
0.209877
0.210526
0.210938
0.211009
0.212435
0.214286
0.214286
0.215385
0.215789
0.217391
0.218182
0.22
0.220183
0.220183
0.22043
0.221154
0.222222
0.222222
0.222222
0.225806
0.225806
0.226277
0.2263
0.226415
0.226415
0.227184
0.227273
0.228814
0.229167
0.229167
0.229268
0.229412
0.233333
0.233333
0.233871
0.234899
0.235294
0.235294
0.235294
0.237288
0.238095
0.238532
0.238938
0.238994
0.23913
0.24
0.24
0.242152
0.242647
0.243902
0.244444
0.245098
0.25
0.25
0.25
0.25
0.25
0.25
0.25
0.25
0.25
0.25
0.253165
0.258065
0.258065
0.259259
0.26087
0.261682
0.26178
0.261905
0.262295
0.263158
0.263158
0.265306
0.265306
0.266667
0.266667
0.268041
0.268293
0.268293
0.26971
0.269841
0.270833
0.271186
0.272727
0.272727
0.272727
0.27451
0.275
0.276596
0.277778
0.277778
0.28
0.28
0.282051
0.282443
0.282609
0.285714
0.285714
0.290323
0.292683
0.294118
0.294118
0.296296
0.296296
0.297872
0.297872
0.3
0.301587
0.301587
0.30303
0.303279
0.307692
0.309524
0.310345
0.310345
0.3125
0.313726
0.317073
0.317757
0.318182
0.322581
0.322581
0.324786
0.326733
0.326923
0.328767
0.333333
0.333333
0.333333
0.333333
0.333333
0.333333
0.333333
0.339623
0.339623
0.341463
0.342105
0.342105
0.34375
0.347826
0.35
0.35
0.35
0.354839
0.36
0.363636
0.363636
0.363636
0.368421
0.375
0.375
0.384615
0.388889
0.4
0.4
0.409091
0.416667
0.428571
0.428571
0.444444
0.452381
0.5
0.5
0.5
0.5
0.5
0.5
0.555556
0.6
0.625
0.625
0.75
0.833333
