0
0
0
0
0
0
0
0
0
0
0
0
0
0
0
0
0
0
0
0
0
0
0
0
0
0
0
0
0
0
0
0
0
0
0
0
0
0
0
0
0
0
0
0.000746269
0.00181488
0.00181818
0.00188798
0.00230415
0.00254669
0.00254712
0.00255102
0.00268817
0.00288184
0.00294118
0.00356597
0.00378072
0.00396432
0.00411805
0.00428082
0.00460829
0.00466978
0.00471698
0.00485778
0.00501074
0.00532786
0.00607533
0.00680272
0.00714286
0.00792029
0.00847458
0.00847458
0.00854701
0.00912964
0.00937866
0.0104895
0.010989
0.0110912
0.0111607
0.0112511
0.0123275
0.0123457
0.0124777
0.012605
0.0126582
0.0135593
0.0138948
0.014128
0.014742
0.0151286
0.015748
0.0160643
0.0165746
0.0174129
0.0177717
0.0178571
0.0181818
0.0192034
0.0208333
0.021164
0.0218312
0.0220588
0.0221096
0.0231388
0.0234623
0.023928
0.0246377
0.0253215
0.027027
0.0288745
0.0290298
0.0291667
0.030303
0.0309598
0.0313024
0.0331815
0.0333333
0.0336283
0.0336907
0.0338284
0.0343427
0.0344244
0.0346874
0.0353009
0.0354957
0.0358814
0.0362573
0.0363636
0.0363636
0.0364675
0.0378151
0.038961
0.0390625
0.0396197
0.0398506
0.0406504
0.0408163
0.0410023
0.0417227
0.0417827
0.0418079
0.0423387
0.0424242
0.0426504
0.0431267
0.0432043
0.0436893
0.0439909
0.0444444
0.0445151
0.0448403
0.0455021
0.0458554
0.0467836
0.0469516
0.0471014
0.0471204
0.047619
0.0481928
0.0484461
0.0486111
0.0487805
0.0491071
0.0506757
0.0510511
0.0526316
0.0527623
0.0533881
0.0534125
0.0541516
0.0544872
0.0549451
0.056
0.056266
0.0568087
0.0569106
0.0570676
0.0571429
0.0572988
0.057377
0.0574586
0.0579151
0.0582242
0.0585106
0.0588235
0.06
0.0602056
0.0606061
0.0616197
0.0617005
0.0621118
0.0625
0.0625
0.0628272
0.0629371
0.0633663
0.0641892
0.0647059
0.0651731
0.0657084
0.0662651
0.0666667
0.0666667
0.0672823
0.067474
0.0690209
0.0690537
0.0693069
0.0697674
0.07
0.0700935
0.0705446
0.0710145
0.0710901
0.0714286
0.0714286
0.0717185
0.0724638
0.0724638
0.0732394
0.0732759
0.0733945
0.0743802
0.076555
0.0765957
0.0769231
0.0769231
0.0775862
0.0782609
0.0788177
0.0806452
0.0806452
0.0809859
0.0813954
0.0816
0.0816327
0.0820896
0.0821256
0.0823529
0.0833333
0.0833333
0.083871
0.083871
0.0863309
0.0877863
0.0884354
0.0884956
0.0886076
0.0904437
0.0909091
0.0923077
0.0923077
0.092511
0.0925926
0.0931034
0.0945946
0.0953757
0.0964467
0.096463
0.0985507
0.0989011
0.1
0.1
0.1
0.100418
0.10089
0.102524
0.103704
0.104247
0.107143
0.107527
0.107692
0.108176
0.110294
0.111111
0.111111
0.111111
0.111111
0.112299
0.113043
0.113122
0.113636
0.114286
0.115385
0.117647
0.118919
0.119048
0.119403
0.120968
0.120968
0.121037
0.121212
0.121212
0.121739
0.121739
0.123377
0.125
0.12605
0.126437
0.128205
0.128571
0.129032
0.130372
0.130682
0.13125
0.131387
0.131579
0.133333
0.134276
0.134503
0.134615
0.134831
0.135484
0.135714
0.135802
0.136519
0.136986
0.137931
0.138075
0.140351
0.141343
0.141732
0.141892
0.142857
0.142857
0.142857
0.142857
0.143478
0.144068
0.144144
0.144737
0.146341
0.146789
0.147059
0.148571
0.148936
0.149254
0.15
0.150602
0.150943
0.15102
0.151515
0.152381
0.152941
0.154762
0.155172
0.156627
0.157895
0.157895
0.158416
0.15873
0.160584
0.16129
0.162362
0.163934
0.164706
0.166667
0.166667
0.166667
0.169811
0.17
0.170213
0.170213
0.170732
0.170732
0.171216
0.174194
0.175
0.176471
0.177143
0.178571
0.178862
0.179487
0.181818
0.181818
0.181818
0.181818
0.181818
0.182353
0.183099
0.183333
0.185185
0.186992
0.1875
0.1875
0.188889
0.189189
0.189189
0.189655
0.189873
0.19
0.190476
0.191489
0.195652
0.196078
0.196429
0.196721
0.19697
0.197917
0.2
0.2
0.2
0.2
0.2
0.2
0.2
0.2
0.2
0.2
0.2
0.2
0.2
0.206897
0.209302
0.209677
0.210526
0.210526
0.212121
0.212766
0.214286
0.214286
0.214286
0.215517
0.215686
0.217195
0.21875
0.222222
0.222222
0.222222
0.223301
0.225806
0.22619
0.227273
0.227273
0.227273
0.229885
0.230769
0.230769
0.230769
0.233333
0.234043
0.234694
0.235294
0.236842
0.238095
0.24
0.240741
0.241379
0.241379
0.243902
0.244898
0.25
0.25
0.25
0.25
0.25
0.25
0.25
0.25
0.25
0.25
0.25
0.25
0.25
0.25
0.252427
0.252874
0.253012
0.253425
0.255814
0.255814
0.257143
0.258065
0.258065
0.26087
0.264706
0.264706
0.265306
0.271186
0.272727
0.273684
0.275862
0.277778
0.278481
0.28
0.285714
0.285714
0.285714
0.285714
0.285714
0.285714
0.289474
0.290323
0.290323
0.291667
0.294118
0.296296
0.298077
0.3
0.3
0.307692
0.307692
0.3125
0.314815
0.315789
0.318182
0.32
0.320513
0.321429
0.333333
0.333333
0.333333
0.333333
0.333333
0.333333
0.333333
0.333333
0.333333
0.333333
0.333333
0.333333
0.333333
0.333333
0.333333
0.333333
0.342857
0.342857
0.347826
0.348837
0.357143
0.357143
0.357143
0.366667
0.366667
0.367816
0.378378
0.384615
0.392857
0.4
0.4
0.4
0.4
0.4
0.4
0.4
0.411765
0.421053
0.428571
0.428571
0.428571
0.428571
0.4375
0.444444
0.444444
0.444444
0.454545
0.454545
0.461538
0.461538
0.5
0.5
0.5
0.5
0.5
0.5
0.5
0.5
0.5
0.538462
0.538462
0.538462
0.571429
0.571429
0.571429
0.571429
0.583333
0.583333
0.6
0.6
0.6
0.615385
0.615385
0.625
0.666667
0.666667
0.666667
0.666667
0.666667
0.714286
0.75
0.818182
