0
0.0734767
0.08
0.0805085
0.0869565
0.0888889
0.0910596
0.0911765
0.0929487
0.0929853
0.0930521
0.0943396
0.0949555
0.0950966
0.0967742
0.0970246
0.101695
0.101818
0.10297
0.103041
0.10307
0.103448
0.103982
0.104396
0.104478
0.105121
0.105455
0.105622
0.105906
0.105943
0.106443
0.106589
0.106719
0.108014
0.108295
0.108742
0.109123
0.109756
0.110266
0.110442
0.110701
0.111111
0.11129
0.112628
0.113772
0.114019
0.11418
0.115385
0.115756
0.116071
0.116279
0.116625
0.118519
0.118738
0.118812
0.119497
0.119658
0.119857
0.12156
0.121693
0.122407
0.122494
0.123426
0.123457
0.123543
0.123967
0.124011
0.124324
0.125
0.125874
0.126016
0.126068
0.126316
0.126374
0.127072
0.127321
0.127517
0.127517
0.127778
0.128205
0.12844
0.12844
0.129213
0.12933
0.129496
0.129512
0.129817
0.130303
0.130879
0.130952
0.131034
0.131105
0.131111
0.131274
0.131274
0.131313
0.131931
0.132492
0.132686
0.133333
0.133333
0.133721
0.133787
0.133903
0.134122
0.134146
0.134276
0.134328
0.134615
0.134615
0.135135
0.135593
0.135762
0.136456
0.136872
0.137097
0.13764
0.137662
0.137838
0.137931
0.138191
0.139373
0.139535
0.13963
0.139731
0.14
0.140496
0.140562
0.140655
0.141148
0.141304
0.141343
0.141361
0.141439
0.141689
0.141844
0.142241
0.142395
0.142442
0.142442
0.142599
0.142857
0.143382
0.143713
0.143725
0.14386
0.144295
0.145119
0.145199
0.146032
0.146341
0.146552
0.146919
0.147059
0.147651
0.148256
0.148472
0.149533
0.15
0.15
0.15
0.150376
0.150743
0.151163
0.151724
0.152249
0.152778
0.152838
0.153226
0.153355
0.153509
0.153846
0.153846
0.153846
0.154185
0.154206
0.154242
0.154242
0.154412
0.15443
0.155378
0.155515
0.155556
0.155689
0.156044
0.15625
0.15674
0.15677
0.156915
0.156962
0.157447
0.157447
0.15748
0.157635
0.157692
0.15812
0.158537
0.159091
0.159722
0.16
0.16
0.16
0.160194
0.160622
0.160793
0.160976
0.161137
0.16129
0.162791
0.162791
0.162791
0.162844
0.163158
0.163636
0.163636
0.163717
0.164122
0.164596
0.164865
0.164894
0.165079
0.165138
0.165217
0.165385
0.165385
0.165468
0.165584
0.165939
0.16609
0.166352
0.166667
0.166667
0.166667
0.166667
0.167053
0.167139
0.167173
0.167647
0.167939
0.168539
0.168734
0.168889
0.169014
0.1693
0.16996
0.17033
0.171233
0.171329
0.171429
0.171617
0.171642
0.171717
0.171875
0.172131
0.172205
0.172269
0.172702
0.173387
0.173913
0.174312
0.174312
0.174419
0.174757
0.174757
0.174825
0.175097
0.175373
0.175676
0.175966
0.176755
0.177143
0.17757
0.177778
0.177936
0.178161
0.178218
0.178295
0.178313
0.178571
0.178571
0.17866
0.178744
0.179104
0.179487
0.179487
0.179641
0.180095
0.180328
0.180645
0.181102
0.181818
0.18239
0.18254
0.182971
0.183206
0.183333
0.18408
0.184211
0.184713
0.185
0.186047
0.18617
0.186441
0.186441
0.187192
0.1875
0.1875
0.187773
0.188119
0.188172
0.188889
0.188976
0.189189
0.189189
0.18932
0.19
0.190299
0.190751
0.191176
0.191406
0.191489
0.19209
0.192727
0.192982
0.193277
0.193548
0.193548
0.193906
0.194915
0.195
0.195556
0.196721
0.196868
0.197183
0.197802
0.198142
0.198198
0.198473
0.198864
0.2
0.2
0.2
0.2
0.2
0.2
0.2
0.200573
0.201717
0.202381
0.202532
0.202658
0.203297
0.203704
0.204678
0.204762
0.205714
0.205882
0.206522
0.206587
0.206897
0.207101
0.207729
0.207921
0.208955
0.209302
0.209302
0.209459
0.209607
0.209677
0.21
0.210526
0.210526
0.210526
0.212355
0.212551
0.212766
0.212766
0.21327
0.213415
0.213592
0.214286
0.214286
0.214953
0.215686
0.215789
0.215909
0.21608
0.216418
0.217021
0.218182
0.218182
0.218579
0.22
0.220183
0.220513
0.221106
0.221106
0.221311
0.221429
0.221739
0.222222
0.222222
0.222222
0.222222
0.22314
0.223176
0.223881
0.224138
0.224299
0.225
0.22561
0.225806
0.22619
0.22619
0.227273
0.227273
0.227273
0.229167
0.229508
0.229508
0.229508
0.229508
0.229665
0.22973
0.230216
0.230769
0.230769
0.230769
0.233333
0.233429
0.233871
0.234043
0.234899
0.235
0.235294
0.236842
0.238095
0.23913
0.23913
0.239316
0.239583
0.240909
0.240964
0.241071
0.241379
0.241379
0.241379
0.241667
0.242574
0.243478
0.244275
0.246753
0.247423
0.248175
0.25
0.25
0.25
0.252174
0.252525
0.253012
0.253165
0.254237
0.254545
0.254902
0.256983
0.258065
0.258065
0.258065
0.259259
0.26087
0.26087
0.261194
0.262295
0.263158
0.263158
0.263158
0.263473
0.263566
0.264706
0.266667
0.266667
0.267717
0.268571
0.269231
0.269663
0.271186
0.271186
0.271186
0.272727
0.272727
0.272727
0.272727
0.273333
0.275
0.275
0.275862
0.27907
0.27933
0.280303
0.280702
0.28125
0.28125
0.283019
0.283333
0.283465
0.285714
0.285714
0.2875
0.290323
0.291139
0.291667
0.291667
0.292683
0.293651
0.294118
0.294872
0.295652
0.3
0.3
0.3
0.302083
0.305556
0.306122
0.306122
0.306667
0.307692
0.309091
0.309091
0.309524
0.31
0.310345
0.310811
0.3125
0.313726
0.317073
0.321429
0.321429
0.322034
0.322581
0.323077
0.323529
0.325581
0.325581
0.326087
0.326087
0.326531
0.327273
0.327869
0.32967
0.333333
0.333333
0.333333
0.333333
0.333333
0.333333
0.333333
0.333333
0.333333
0.333333
0.333333
0.333333
0.333333
0.333333
0.333333
0.333333
0.333333
0.337079
0.338462
0.34375
0.34375
0.34375
0.344262
0.344828
0.346939
0.347826
0.347826
0.354839
0.354839
0.357143
0.357143
0.358491
0.359551
0.360656
0.361111
0.363636
0.363636
0.363636
0.366197
0.37037
0.375
0.375
0.388889
0.38983
0.397059
0.4
0.4
0.4
0.4
0.405405
0.407407
0.408163
0.409091
0.410256
0.415094
0.416667
0.416667
0.421053
0.423729
0.428571
0.433333
0.434783
0.434783
0.444444
0.444444
0.448276
0.459459
0.465116
0.466667
0.466667
0.470588
0.47619
0.5
0.5
0.5
0.5
0.5
0.5
0.5
0.526316
0.526316
0.538462
0.538462
0.538462
0.538462
0.538462
0.541667
0.545455
0.555556
0.571429
0.571429
0.571429
0.571429
0.583333
0.59375
0.6
0.6
0.619048
0.666667
0.666667
0.666667
0.666667
0.6875
0.857143
