0.0101899
0.0133668
0.0157871
0.0169528
0.0178674
0.0179516
0.0185634
0.018684
0.0190352
0.0201794
0.0215983
0.0221734
0.0221843
0.023088
0.0236457
0.0237696
0.0245399
0.0245757
0.0261905
0.027231
0.0275387
0.0277778
0.027972
0.0286325
0.0286608
0.0288548
0.0290969
0.0291502
0.0291829
0.0292683
0.0301068
0.0305146
0.0305281
0.0307076
0.030755
0.03125
0.0312857
0.0315527
0.0317735
0.0327869
0.0331447
0.0336547
0.0345369
0.0345767
0.0346908
0.0348059
0.0354278
0.0357333
0.0361285
0.0375427
0.0375536
0.0377323
0.0385069
0.0391107
0.0402299
0.0403639
0.0404766
0.0407118
0.0409091
0.0411765
0.0414511
0.0419753
0.0430657
0.0432307
0.0433405
0.043771
0.0437956
0.0443475
0.0445986
0.045045
0.0451498
0.0454054
0.0454133
0.045728
0.0465895
0.0468293
0.0470914
0.0473896
0.0474739
0.0475767
0.047619
0.0477915
0.0490046
0.0493724
0.0495315
0.0495928
0.0497608
0.0498361
0.050173
0.0504188
0.0506599
0.0508197
0.0510733
0.0512151
0.0524293
0.0527201
0.0532915
0.0536936
0.0540265
0.0541935
0.0546973
0.0555556
0.0563747
0.0572579
0.0578723
0.0583153
0.0583333
0.0583847
0.0585106
0.059466
0.059633
0.0598309
0.0605496
0.0607091
0.0608919
0.0609212
0.0612789
0.0614849
0.0619524
0.0619856
0.0620601
0.0621891
0.0623734
0.0623878
0.0638233
0.0640135
0.0643478
0.0643478
0.0644928
0.0648464
0.0649203
0.0649351
0.0653465
0.0653707
0.0663265
0.0665845
0.0666097
0.0666173
0.0667663
0.0668103
0.067033
0.0670732
0.0671414
0.0674176
0.0677321
0.0682731
0.0686071
0.0686667
0.0688312
0.0693333
0.0698324
0.0699088
0.0702663
0.0707635
0.0707998
0.0710195
0.0716353
0.0716418
0.0718686
0.0719328
0.0722456
0.0722749
0.0722892
0.0726846
0.0729751
0.0730124
0.0730479
0.0731374
0.0736318
0.0737198
0.0741743
0.0745533
0.0746032
0.0746127
0.0751979
0.0752533
0.0753205
0.0755371
0.0760073
0.0760378
0.0765625
0.0767123
0.0772468
0.0773598
0.0773672
0.0774156
0.0776081
0.0778727
0.0779977
0.0781759
0.0789773
0.0789809
0.0796089
0.0807278
0.081571
0.0816777
0.0819498
0.0820734
0.0821918
0.0822123
0.0825472
0.0825553
0.0829748
0.0833469
0.0835552
0.0835604
0.0838284
0.0841053
0.0847065
0.0853462
0.085443
0.0856147
0.0859729
0.0863309
0.0866873
0.0871245
0.088765
0.0887656
0.0887949
0.0892671
0.0900285
0.0900415
0.0901713
0.0909091
0.0912863
0.091954
0.0921305
0.0926431
0.0933363
0.0938875
0.0939511
0.0946619
0.094781
0.0950846
0.0952381
0.0953608
0.0955113
0.0955928
0.0960369
0.0961098
0.0962296
0.096732
0.0967541
0.0972006
0.0973137
0.0982634
0.0989384
0.0995074
0.100216
0.100493
0.100935
0.100962
0.10143
0.101523
0.101597
0.10162
0.10219
0.102791
0.102962
0.103179
0.103448
0.103499
0.103645
0.103689
0.10372
0.104654
0.104762
0.104825
0.104854
0.105469
0.105491
0.106014
0.106327
0.106564
0.107056
0.107232
0.107778
0.108014
0.108729
0.108997
0.109718
0.110409
0.110492
0.110685
0.11157
0.111754
0.111905
0.113
0.113665
0.113772
0.114307
0.114876
0.114884
0.114943
0.115338
0.115385
0.116162
0.116162
0.116576
0.116854
0.116883
0.117109
0.11753
0.117632
0.117647
0.118579
0.118644
0.119753
0.119865
0.121152
0.121564
0.121747
0.12249
0.122981
0.123099
0.123138
0.12327
0.123719
0.124018
0.124028
0.124108
0.124542
0.124838
0.125237
0.125336
0.1258
0.126263
0.126289
0.126806
0.12766
0.128127
0.128987
0.129032
0.12931
0.129363
0.130319
0.130435
0.130435
0.130506
0.131105
0.131293
0.13161
0.132238
0.132353
0.132601
0.133705
0.134454
0.134855
0.134977
0.135027
0.135546
0.135678
0.135894
0.136872
0.137463
0.137588
0.137895
0.138009
0.138016
0.138668
0.139241
0.1397
0.139753
0.139942
0.140827
0.140845
0.142203
0.142702
0.142857
0.142857
0.143113
0.143636
0.143655
0.143971
0.144
0.144144
0.144481
0.14527
0.145322
0.145866
0.145938
0.146635
0.147568
0.147651
0.147651
0.148975
0.150051
0.150617
0.150725
0.150838
0.151261
0.151899
0.151937
0.151954
0.152193
0.152961
0.153689
0.155259
0.155525
0.155681
0.155738
0.155963
0.156613
0.157219
0.157738
0.157814
0.157895
0.158158
0.158192
0.158238
0.160303
0.160686
0.16129
0.161477
0.161582
0.16171
0.162071
0.16244
0.16295
0.163275
0.163687
0.164095
0.164557
0.164615
0.164627
0.164646
0.164901
0.165184
0.165493
0.16573
0.166117
0.166253
0.167235
0.16732
0.167482
0.167644
0.167668
0.167972
0.168196
0.168457
0.169131
0.169364
0.169557
0.170426
0.171206
0.171221
0.171348
0.172742
0.172912
0.172912
0.173217
0.173633
0.173666
0.174312
0.174387
0.174812
0.175052
0.176573
0.176625
0.17663
0.177308
0.177494
0.178998
0.179177
0.179785
0.179959
0.180556
0.180624
0.180705
0.180921
0.181327
0.181969
0.182564
0.18309
0.183225
0.183232
0.183706
0.184278
0.184438
0.184725
0.185111
0.18529
0.185333
0.185654
0.185841
0.186
0.186099
0.186235
0.186957
0.187181
0.187192
0.187291
0.187786
0.18865
0.189338
0.18942
0.189633
0.189655
0.190019
0.190323
0.190364
0.192069
0.192537
0.192568
0.193023
0.193132
0.193162
0.193215
0.19437
0.19439
0.194404
0.194847
0.195612
0.195906
0.195986
0.19624
0.196731
0.196994
0.197324
0.197452
0.197484
0.198516
0.199172
0.199856
0.2
0.200692
0.20073
0.200758
0.200883
0.200965
0.201923
0.203235
0.203327
0.204023
0.204835
0.20517
0.205734
0.205962
0.20625
0.206533
0.206776
0.206897
0.206959
0.207996
0.208333
0.209424
0.209763
0.209857
0.209953
0.210269
0.210273
0.21039
0.210612
0.210835
0.212191
0.212766
0.213077
0.213368
0.213573
0.214043
0.214286
0.215238
0.215339
0.215385
0.215574
0.216667
0.216685
0.21695
0.216966
0.217143
0.217295
0.217391
0.217507
0.217523
0.218365
0.218391
0.218677
0.219231
0.21968
0.22008
0.220705
0.221198
0.221522
0.222477
0.223035
0.223372
0.223841
0.223975
0.224771
0.224813
0.224903
0.224986
0.225508
0.225621
0.22619
0.226204
0.227365
0.227586
0.228169
0.228412
0.229287
0.229595
0.230655
0.230661
0.231018
0.231163
0.231579
0.232194
0.232413
0.232687
0.23269
0.232877
0.232915
0.233393
0.233914
0.234812
0.235271
0.235856
0.236789
0.2368
0.236996
0.237143
0.237962
0.238053
0.239076
0.23913
0.239324
0.239884
0.240318
0.240394
0.240487
0.241098
0.241425
0.241458
0.241758
0.242057
0.242131
0.243711
0.243995
0.244186
0.244231
0.24475
0.244862
0.245069
0.245098
0.245333
0.245614
0.24589
0.245892
0.24594
0.246001
0.246141
0.246519
0.246526
0.246575
0.246753
0.247368
0.247899
0.247984
0.248114
0.248311
0.248555
0.248832
0.249805
0.25
0.25098
0.251588
0.251791
0.252505
0.25413
0.255696
0.255772
0.255973
0.256849
0.256927
0.25746
0.257603
0.258065
0.258278
0.258562
0.258706
0.259858
0.26077
0.261314
0.261504
0.261538
0.26195
0.26197
0.26222
0.263305
0.264045
0.265781
0.267148
0.267537
0.267679
0.268018
0.269006
0.269231
0.271028
0.271449
0.271777
0.272727
0.275325
0.275465
0.276358
0.276674
0.27955
0.28
0.280303
0.281211
0.281761
0.28319
0.284089
0.285019
0.285203
0.285217
0.285398
0.285714
0.286704
0.287129
0.287264
0.287273
0.287315
0.287402
0.287819
0.288995
0.290323
0.292079
0.292683
0.295938
0.296223
0.296543
0.297297
0.298013
0.298039
0.298375
0.298539
0.298541
0.298791
0.299086
0.299421
0.29973
0.299843
0.3
0.3
0.300448
0.300595
0.300981
0.301266
0.301676
0.302594
0.302817
0.302974
0.303136
0.303474
0.303883
0.304124
0.305458
0.305479
0.305732
0.306041
0.306362
0.306719
0.307292
0.30824
0.308271
0.308356
0.308725
0.308901
0.309211
0.309353
0.310219
0.313371
0.313726
0.314484
0.314861
0.316159
0.317857
0.318452
0.319272
0.320913
0.320988
0.321101
0.321937
0.32293
0.323129
0.324324
0.324324
0.324795
0.324895
0.325767
0.325926
0.326605
0.327394
0.327519
0.328622
0.328869
0.329773
0.330488
0.330579
0.332454
0.332469
0.333495
0.334136
0.334262
0.334568
0.335766
0.336705
0.337209
0.337469
0.337505
0.337838
0.339093
0.339683
0.339744
0.339833
0.341404
0.342629
0.343511
0.34375
0.34386
0.344689
0.346078
0.347193
0.347432
0.347613
0.348884
0.349138
0.35
0.350296
0.350677
0.351449
0.352014
0.353832
0.354181
0.35443
0.354908
0.355023
0.355488
0.355825
0.357043
0.3575
0.358722
0.358896
0.362352
0.363184
0.363229
0.363636
0.364796
0.36575
0.367309
0.368083
0.368705
0.368794
0.368794
0.369949
0.370558
0.370607
0.37226
0.372483
0.373077
0.373089
0.373494
0.373643
0.375
0.375
0.375165
0.376884
0.3769
0.377289
0.377483
0.377809
0.378182
0.378976
0.381094
0.381381
0.382166
0.383178
0.383333
0.383917
0.384384
0.385086
0.386707
0.388368
0.388385
0.388679
0.388719
0.388889
0.389247
0.390226
0.390485
0.390681
0.390728
0.390789
0.392283
0.392491
0.39267
0.393048
0.39628
0.39633
0.396907
0.397511
0.397561
0.397727
0.397727
0.398104
0.398361
0.398801
0.399417
0.400901
0.402214
0.402344
0.40301
0.403533
0.403711
0.40412
0.405797
0.40613
0.407609
0.407874
0.410714
0.412322
0.412322
0.412787
0.412903
0.413295
0.413311
0.415335
0.415426
0.416327
0.417798
0.417955
0.420455
0.420487
0.421292
0.421488
0.423729
0.424528
0.427451
0.428571
0.430023
0.430769
0.430839
0.431944
0.435374
0.436675
0.438088
0.438795
0.440559
0.442958
0.443069
0.443418
0.444795
0.445722
0.446131
0.446837
0.447709
0.451327
0.451876
0.452448
0.453087
0.454106
0.45466
0.456452
0.456881
0.458781
0.458886
0.461538
0.461722
0.462329
0.46247
0.462585
0.465347
0.466273
0.466298
0.468627
0.468874
0.469886
0.470297
0.470519
0.471739
0.472706
0.472851
0.47401
0.475352
0.47546
0.476312
0.476987
0.478378
0.479167
0.479583
0.480392
0.481656
0.48284
0.483296
0.483728
0.484848
0.487603
0.488987
0.491944
0.492
0.492433
0.495208
0.495554
0.497308
0.498322
0.499057
0.501075
0.503171
0.503356
0.503795
0.507177
0.507634
0.508876
0.512195
0.513072
0.514019
0.515
0.515228
0.51592
0.517028
0.517857
0.521739
0.522124
0.522364
0.523256
0.524425
0.524752
0.526186
0.527197
0.531496
0.533282
0.533537
0.533981
0.53504
0.538113
0.538889
0.539278
0.54039
0.540984
0.542477
0.543554
0.550573
0.552023
0.553191
0.554391
0.555085
0.555256
0.55615
0.557143
0.558935
0.559211
0.56044
0.561594
0.563934
0.565022
0.565217
0.565674
0.566372
0.568807
0.570552
0.571429
0.573171
0.573222
0.573864
0.574202
0.575
0.576033
0.577982
0.579741
0.580071
0.583607
0.584851
0.585366
0.585672
0.586626
0.589286
0.590426
0.591731
0.593496
0.594643
0.595745
0.597656
0.6
0.600596
0.601695
0.603093
0.60452
0.604585
0.60515
0.60675
0.607375
0.611374
0.613959
0.616702
0.617152
0.617647
0.61976
0.62387
0.628472
0.629371
0.629599
0.62963
0.630798
0.63113
0.633333
0.633681
0.636364
0.636464
0.637255
0.63745
0.63791
0.638298
0.638362
0.638519
0.638723
0.640235
0.642202
0.642229
0.64382
0.646154
0.646688
0.647059
0.647619
0.647988
0.649331
0.65
0.653249
0.65534
0.65666
0.656934
0.657233
0.661327
0.664269
0.664992
0.665158
0.665289
0.666667
0.67118
0.672131
0.67263
0.675485
0.676471
0.677083
0.677515
0.681121
0.681592
0.682591
0.683226
0.684211
0.684461
0.684602
0.685512
0.686424
0.688312
0.689655
0.690049
0.696078
0.697095
0.697802
0.698396
0.698718
0.700599
0.701754
0.703704
0.705357
0.7056
0.705722
0.707124
0.708393
0.70997
0.709984
0.71134
0.711538
0.713085
0.714286
0.714286
0.717722
0.718381
0.718518
0.720812
0.724377
0.724806
0.727681
0.728916
0.729483
0.72973
0.73064
0.733542
0.734694
0.734979
0.735507
0.737705
0.738866
0.741857
0.742947
0.75
0.753012
0.753425
0.754797
0.757377
0.764228
0.766628
0.766949
0.775281
0.777266
0.777778
0.78
0.787037
0.787356
0.787966
0.788204
0.790598
0.793503
0.794239
0.796537
0.801282
0.802941
0.80315
0.805104
0.807095
0.807407
0.812195
0.813433
0.817073
0.820717
0.822335
0.82263
0.827362
0.829365
0.830189
0.831658
0.834302
0.836431
0.839366
0.851103
0.85654
0.858086
0.860681
0.863158
0.867257
0.873016
0.883721
0.884131
0.884892
0.888889
0.889655
0.892638
0.892683
0.894602
0.9
0.900291
0.902564
0.904615
0.914384
0.915888
0.92
0.924497
0.928571
0.929412
0.934664
0.937799
0.949367
0.950226
0.955056
0.95815
0.971429
0.978495
0.978852
0.987013
0.987161
